# Created by Octave 4.2.2, Thu Jun 16 11:41:51 2022 CEST <rb271257@is154093>
# name: user_mask
# type: matrix
# rows: 1
# columns: 50
 1 1 1 1 1 1 1 1 1 1 1 1 1 1 1 1 1 1 1 1 1 1 1 1 1 1 1 1 1 1 0 0 0 0 0 0 0 0 0 0 0 0 0 0 0 0 0 0 0 0


