# Created by Octave 4.2.2, Tue Jun 21 17:55:27 2022 CEST <rb271257@is154093>
# name: user_mask
# type: matrix
# rows: 1
# columns: 45
 1 1 1 1 1 1 1 1 1 1 1 1 1 1 1 1 1 1 1 1 1 1 1 1 1 0 0 0 0 0 0 0 0 0 0 0 0 0 0 0 0 0 0 0 0


