# Created by Octave 4.2.2, Thu Jun 16 11:47:20 2022 CEST <rb271257@is154093>
# name: results_Runs
# type: matrix
# rows: 3
# columns: 40
 1 2 3 4 5 6 7 8 9 10 11 12 13 14 15 16 17 18 19 20 21 22 23 24 25 26 27 28 29 30 31 32 33 34 35 36 37 38 39 40
 5.947114706039429 6.431109666824341 7.005799531936646 7.598601579666138 8.158979654312134 8.764257669448853 9.362988710403442 9.937706708908081 10.50339865684509 11.11619353294373 11.69246459007263 12.28760957717896 12.8684995174408 13.4817316532135 14.05797052383423 14.59598469734192 15.23843169212341 15.83377265930176 16.41269755363464 17.00733661651611 17.58946061134338 18.21747851371765 18.80895972251892 19.41361165046692 20.02116465568542 20.60461258888245 21.1976375579834 21.79856562614441 22.35796356201172 22.95200562477112 23.49836254119873 24.11567258834839 24.71954965591431 25.30743956565857 25.92276453971863 26.53458070755005 27.16397762298584 27.79347157478333 28.41942667961121 29.04263067245483
 0 0.4839949607849121 0.5746898651123047 0.5928020477294922 0.5603780746459961 0.6052780151367188 0.5987310409545898 0.5747179985046387 0.5656919479370117 0.6127948760986328 0.5762710571289062 0.5951449871063232 0.5808899402618408 0.6132321357727051 0.5762388706207275 0.5380141735076904 0.6424469947814941 0.5953409671783447 0.5789248943328857 0.5946390628814697 0.5821239948272705 0.6280179023742676 0.5914812088012695 0.604651927947998 0.6075530052185059 0.5834479331970215 0.5930249691009521 0.6009280681610107 0.5593979358673096 0.5940420627593994 0.5463569164276123 0.6173100471496582 0.603877067565918 0.5878899097442627 0.6153249740600586 0.6118161678314209 0.629396915435791 0.6294939517974854 0.6259551048278809 0.6232039928436279


