# Created by Octave 4.2.2, Thu Jun 16 11:14:24 2022 CEST <rb271257@is154093>
# name: results_Runs
# type: matrix
# rows: 3
# columns: 40
 1 2 3 4 5 6 7 8 9 10 11 12 13 14 15 16 17 18 19 20 21 22 23 24 25 26 27 28 29 30 31 32 33 34 35 36 37 38 39 40
 5.974156618118286 6.464475631713867 7.017843723297119 7.605089664459229 8.215343713760376 8.811369657516479 9.379675626754761 9.938356637954712 10.54776072502136 11.14889979362488 11.77227973937988 12.33446478843689 12.87885880470276 13.4859037399292 14.06695461273193 14.62529277801514 15.22326970100403 15.80733966827393 16.41851782798767 17.01228666305542 17.58868861198425 18.26503372192383 18.85327577590942 19.41235375404358 19.98737668991089 20.56726360321045 21.15939664840698 21.7412257194519 22.35771179199219 22.94454574584961 23.54024267196655 24.15416979789734 24.7784276008606 25.38876080513 25.97751975059509 26.56939673423767 27.14450764656067 27.72553062438965 28.32044768333435 28.96391677856445
 0 0.4903190135955811 0.553368091583252 0.5872459411621094 0.6102540493011475 0.5960259437561035 0.5683059692382812 0.5586810111999512 0.6094040870666504 0.6011390686035156 0.6233799457550049 0.5621850490570068 0.5443940162658691 0.6070449352264404 0.5810508728027344 0.5583381652832031 0.5979769229888916 0.5840699672698975 0.6111781597137451 0.593768835067749 0.576401948928833 0.6763451099395752 0.5882420539855957 0.5590779781341553 0.5750229358673096 0.5798869132995605 0.5921330451965332 0.5818290710449219 0.6164860725402832 0.5868339538574219 0.5956969261169434 0.6139271259307861 0.6242578029632568 0.6103332042694092 0.5887589454650879 0.5918769836425781 0.575110912322998 0.5810229778289795 0.5949170589447021 0.6434690952301025


