# Created by Octave 4.2.2, Thu Jun 16 17:59:03 2022 CEST <rb271257@is154093>
# name: results_Runs
# type: matrix
# rows: 3
# columns: 41
 1 2 3 4 5 6 7 8 9 10 11 12 13 14 15 16 17 18 19 20 21 22 23 24 25 26 27 28 29 30 31 32 33 34 35 36 37 38 39 40 41
 5.948554754257202 6.42621374130249 6.998769760131836 7.593950748443604 8.155886888504028 8.767285823822021 9.328858852386475 9.935832738876343 10.52956485748291 11.11097073554993 11.70887088775635 12.29592084884644 12.91154885292053 13.50008487701416 14.05012989044189 14.70711278915405 15.27600073814392 15.86472392082214 16.44265174865723 17.00503277778625 17.60882782936096 18.23349976539612 18.78965878486633 19.41348886489868 20.00789594650269 20.56225681304932 21.0927848815918 21.72649073600769 22.32001781463623 22.85724091529846 23.46220183372498 24.01619386672974 24.59251189231873 25.17221474647522 25.76453280448914 26.35421895980835 26.96356272697449 27.49269485473633 28.0317177772522 28.57954573631287 29.20512676239014
 0 0.4776589870452881 0.5725560188293457 0.5951809883117676 0.5619361400604248 0.6113989353179932 0.5615730285644531 0.6069738864898682 0.5937321186065674 0.5814058780670166 0.5979001522064209 0.5870499610900879 0.6156280040740967 0.5885360240936279 0.5500450134277344 0.6569828987121582 0.5688879489898682 0.5887231826782227 0.577927827835083 0.5623810291290283 0.603795051574707 0.6246719360351562 0.5561590194702148 0.6238300800323486 0.5944070816040039 0.5543608665466309 0.5305280685424805 0.6337058544158936 0.59352707862854 0.5372231006622314 0.6049609184265137 0.5539920330047607 0.5763180255889893 0.5797028541564941 0.592318058013916 0.5896861553192139 0.6093437671661377 0.5291321277618408 0.5390229225158691 0.5478279590606689 0.6255810260772705


