# Created by Octave 4.2.2, Thu Jun 16 11:44:12 2022 CEST <rb271257@is154093>
# name: results_Runs
# type: matrix
# rows: 3
# columns: 40
 1 2 3 4 5 6 7 8 9 10 11 12 13 14 15 16 17 18 19 20 21 22 23 24 25 26 27 28 29 30 31 32 33 34 35 36 37 38 39 40
 5.954288959503174 6.419084787368774 7.011385917663574 7.601057767868042 8.182593822479248 8.753625869750977 9.351752996444702 9.971181869506836 10.52670097351074 11.14490985870361 11.70826697349548 12.30484485626221 12.92560791969299 13.52055191993713 14.10698699951172 14.68694877624512 15.2694308757782 15.84595894813538 16.45956492424011 17.02039289474487 17.59767293930054 18.21318578720093 18.82715082168579 19.4265468120575 19.97834086418152 20.56621479988098 21.16306185722351 21.73246192932129 22.32561779022217 22.99198889732361 23.58685779571533 24.19029784202576 24.78107380867004 25.35658478736877 25.93023490905762 26.52292490005493 27.06981086730957 27.69749093055725 28.32853698730469 28.96421980857849
 0 0.4647958278656006 0.5923011302947998 0.5896718502044678 0.5815360546112061 0.5710320472717285 0.5981271266937256 0.6194288730621338 0.5555191040039062 0.6182088851928711 0.5633571147918701 0.5965778827667236 0.6207630634307861 0.5949440002441406 0.586435079574585 0.5799617767333984 0.5824820995330811 0.5765280723571777 0.6136059761047363 0.5608279705047607 0.5772800445556641 0.6155128479003906 0.6139650344848633 0.5993959903717041 0.5517940521240234 0.5878739356994629 0.5968470573425293 0.5694000720977783 0.5931558609008789 0.6663711071014404 0.5948688983917236 0.6034400463104248 0.5907759666442871 0.5755109786987305 0.5736501216888428 0.5926899909973145 0.5468859672546387 0.6276800632476807 0.6310460567474365 0.6356828212738037


