# Created by Octave 4.2.2, Tue Jun 21 16:18:55 2022 CEST <rb271257@is154093>
# name: results_Runs
# type: matrix
# rows: 3
# columns: 40
 1 2 3 4 5 6 7 8 9 10 11 12 13 14 15 16 17 18 19 20 21 22 23 24 25 26 27 28 29 30 31 32 33 34 35 36 37 38 39 40
 3.354533433914185 3.968276500701904 4.580992460250854 5.146142482757568 5.719490528106689 6.369215488433838 6.956744432449341 7.543795347213745 8.13984751701355 8.695649385452271 9.303152322769165 9.865601539611816 10.46158242225647 11.06770253181458 11.68133735656738 12.22117948532104 12.84479951858521 13.43903851509094 14.00972533226013 14.64060044288635 15.27528953552246 15.88417744636536 16.42599534988403 16.9872784614563 17.52826452255249 18.08794450759888 18.68770551681519 19.27863335609436 19.91872048377991 20.45839643478394 21.07036733627319 21.6714973449707 22.29847931861877 22.91811847686768 23.44373250007629 24.08523941040039 24.68853449821472 25.25102233886719 25.8065664768219 26.43560743331909
 0 0.6137430667877197 0.6127159595489502 0.5651500225067139 0.5733480453491211 0.6497249603271484 0.5875289440155029 0.5870509147644043 0.5960521697998047 0.5558018684387207 0.6075029373168945 0.5624492168426514 0.5959808826446533 0.6061201095581055 0.6136348247528076 0.5398421287536621 0.6236200332641602 0.5942389965057373 0.5706868171691895 0.6308751106262207 0.6346890926361084 0.6088879108428955 0.5418179035186768 0.5612831115722656 0.5409860610961914 0.5596799850463867 0.5997610092163086 0.5909278392791748 0.6400871276855469 0.5396759510040283 0.6119709014892578 0.6011300086975098 0.6269819736480713 0.6196391582489014 0.5256140232086182 0.6415069103240967 0.6032950878143311 0.5624878406524658 0.5555441379547119 0.6290409564971924


