# Created by Octave 4.2.2, Thu Jun 16 11:16:02 2022 CEST <rb271257@is154093>
# name: results_Runs
# type: matrix
# rows: 3
# columns: 39
 1 2 3 4 5 6 7 8 9 10 11 12 13 14 15 16 17 18 19 20 21 22 23 24 25 26 27 28 29 30 31 32 33 34 35 36 37 38 39
 5.946438074111938 6.492121934890747 7.117764949798584 7.674630880355835 8.246174097061157 8.805397033691406 9.420535087585449 10.01361703872681 10.59814596176147 11.17742896080017 11.72408890724182 12.36478304862976 12.92307996749878 13.53018808364868 14.09888911247253 14.69806408882141 15.29367089271545 15.81747508049011 16.44756197929382 17.03319406509399 17.64572191238403 18.29082489013672 18.92426705360413 19.53784799575806 20.14215397834778 20.74082803726196 21.35430598258972 22.02068495750427 22.63943910598755 23.25402188301086 23.85485196113586 24.45492196083069 25.07202196121216 25.701819896698 26.34448599815369 26.97890210151672 27.58936190605164 28.19226002693176 28.80092906951904
 0 0.5456838607788086 0.6256430149078369 0.556865930557251 0.5715432167053223 0.559222936630249 0.615138053894043 0.5930819511413574 0.584528923034668 0.5792829990386963 0.5466599464416504 0.6406941413879395 0.5582969188690186 0.6071081161499023 0.5687010288238525 0.599174976348877 0.595606803894043 0.5238041877746582 0.6300868988037109 0.5856320858001709 0.6125278472900391 0.6451029777526855 0.6334421634674072 0.6135809421539307 0.6043059825897217 0.5986740589141846 0.6134779453277588 0.6663789749145508 0.6187541484832764 0.6145827770233154 0.600830078125 0.6000699996948242 0.6171000003814697 0.6297979354858398 0.6426661014556885 0.6344161033630371 0.6104598045349121 0.602898120880127 0.6086690425872803


