# Created by Octave 4.2.2, Thu Jun 16 17:57:28 2022 CEST <rb271257@is154093>
# name: results_Runs
# type: matrix
# rows: 3
# columns: 41
 1 2 3 4 5 6 7 8 9 10 11 12 13 14 15 16 17 18 19 20 21 22 23 24 25 26 27 28 29 30 31 32 33 34 35 36 37 38 39 40 41
 6.431195735931396 7.071995735168457 7.621891736984253 8.214133739471436 8.802606821060181 9.388603687286377 9.976605892181396 10.54130983352661 11.13417983055115 11.69540572166443 12.28240084648132 12.89137768745422 13.46256971359253 14.06048679351807 14.64161586761475 15.22772169113159 15.85067677497864 16.45728278160095 17.01244282722473 17.58705377578735 18.2017388343811 18.74744582176208 19.31546473503113 19.86638188362122 20.41568875312805 20.98955869674683 21.51137566566467 22.03464269638062 22.58021187782288 23.1192467212677 23.6693286895752 24.21040773391724 24.7560727596283 25.33278179168701 25.87614274024963 26.42756867408752 26.95330572128296 27.56475472450256 28.12346386909485 28.61773467063904 29.22150087356567
 0 0.6407999992370605 0.5498960018157959 0.5922420024871826 0.5884730815887451 0.5859968662261963 0.5880022048950195 0.5647039413452148 0.5928699970245361 0.5612258911132812 0.5869951248168945 0.6089768409729004 0.5711920261383057 0.5979170799255371 0.5811290740966797 0.5861058235168457 0.6229550838470459 0.6066060066223145 0.5551600456237793 0.5746109485626221 0.61468505859375 0.5457069873809814 0.568018913269043 0.5509171485900879 0.5493068695068359 0.5738699436187744 0.5218169689178467 0.5232670307159424 0.5455691814422607 0.5390348434448242 0.5500819683074951 0.541079044342041 0.5456650257110596 0.5767090320587158 0.5433609485626221 0.5514259338378906 0.5257370471954346 0.6114490032196045 0.5587091445922852 0.4942708015441895 0.6037662029266357


