# Created by Octave 4.2.2, Thu Jun 16 16:22:47 2022 CEST <rb271257@is154093>
# name: results_Runs
# type: matrix
# rows: 3
# columns: 38
 1 2 3 4 5 6 7 8 9 10 11 12 13 14 15 16 17 18 19 20 21 22 23 24 25 26 27 28 29 30 31 32 33 34 35 36 37 38
 7.522350311279297 8.162428140640259 8.778369188308716 9.366867303848267 9.957715272903442 10.52331113815308 11.10895919799805 11.70911431312561 12.29880833625793 12.88679718971252 13.46927428245544 14.08938527107239 14.62915229797363 15.23317527770996 15.80515027046204 16.43362832069397 16.9981153011322 17.60686922073364 18.21957731246948 18.84459519386292 19.42844128608704 20.02172017097473 20.57957530021667 21.1271641254425 21.68632221221924 22.25335216522217 22.89648723602295 23.44667530059814 24.03436422348022 24.58618521690369 25.18677616119385 25.71828532218933 26.27463126182556 26.85697913169861 27.4334671497345 27.98422813415527 28.55095529556274 29.09353423118591
 0 0.6400778293609619 0.615941047668457 0.5884981155395508 0.5908479690551758 0.5655958652496338 0.5856480598449707 0.6001551151275635 0.5896940231323242 0.5879888534545898 0.5824770927429199 0.6201109886169434 0.5397670269012451 0.6040229797363281 0.5719749927520752 0.6284780502319336 0.5644869804382324 0.6087539196014404 0.6127080917358398 0.6250178813934326 0.5838460922241211 0.5932788848876953 0.5578551292419434 0.5475888252258301 0.5591580867767334 0.5670299530029297 0.6431350708007812 0.5501880645751953 0.5876889228820801 0.5518209934234619 0.6005909442901611 0.5315091609954834 0.5563459396362305 0.5823478698730469 0.5764880180358887 0.5507609844207764 0.5667271614074707 0.5425789356231689


