# Created by Octave 4.2.2, Thu Jun 16 09:25:31 2022 CEST <rb271257@is154093>
# name: results_Runs
# type: matrix
# rows: 3
# columns: 38
 1 2 3 4 5 6 7 8 9 10 11 12 13 14 15 16 17 18 19 20 21 22 23 24 25 26 27 28 29 30 31 32 33 34 35 36 37 38
 6.431048631668091 6.990262508392334 7.578182697296143 8.171606540679932 8.758690595626831 9.36648964881897 9.950901508331299 10.52746367454529 11.1308286190033 11.71727156639099 12.29202055931091 12.82509350776672 13.47110271453857 14.05188751220703 14.631014585495 15.22245454788208 15.82196068763733 16.42300963401794 17.00417971611023 17.59926772117615 18.23567962646484 18.85558462142944 19.54710054397583 20.17112064361572 20.78562068939209 21.38502359390259 21.97493052482605 22.60327672958374 23.23739361763 23.89021849632263 24.51708269119263 25.1391077041626 25.77768158912659 26.40289855003357 27.01247572898865 27.68176364898682 28.35261154174805 28.97183561325073
 0 0.5592138767242432 0.5879201889038086 0.5934238433837891 0.5870840549468994 0.6077990531921387 0.5844118595123291 0.5765621662139893 0.6033649444580078 0.5864429473876953 0.5747489929199219 0.5330729484558105 0.6460092067718506 0.580784797668457 0.5791270732879639 0.591439962387085 0.599506139755249 0.6010489463806152 0.5811700820922852 0.595088005065918 0.6364119052886963 0.6199049949645996 0.6915159225463867 0.6240200996398926 0.6145000457763672 0.599402904510498 0.5899069309234619 0.6283462047576904 0.6341168880462646 0.652824878692627 0.6268641948699951 0.6220250129699707 0.6385738849639893 0.6252169609069824 0.6095771789550781 0.6692879199981689 0.6708478927612305 0.6192240715026855


