# Created by Octave 4.2.2, Thu Jun 16 17:55:07 2022 CEST <rb271257@is154093>
# name: results_Runs
# type: matrix
# rows: 3
# columns: 41
 1 2 3 4 5 6 7 8 9 10 11 12 13 14 15 16 17 18 19 20 21 22 23 24 25 26 27 28 29 30 31 32 33 34 35 36 37 38 39 40 41
 5.955046415328979 6.431108236312866 6.991874217987061 7.583985328674316 8.136348247528076 8.742339372634888 9.343822240829468 9.975029230117798 10.525306224823 11.12302231788635 11.7122163772583 12.32208919525146 12.87852430343628 13.45386242866516 14.0276243686676 14.67916131019592 15.25821542739868 15.83604025840759 16.43107342720032 17.0291862487793 17.60331034660339 18.23097229003906 18.82536840438843 19.42582821846008 20.01508140563965 20.61570119857788 21.19746232032776 21.76811933517456 22.35559320449829 22.89794540405273 23.48358726501465 24.10106730461121 24.66250538825989 25.24780130386353 25.86670827865601 26.44825434684753 27.08640742301941 27.66677331924438 28.23311829566956 28.74219727516174 29.32388424873352
 0 0.4760618209838867 0.5607659816741943 0.5921111106872559 0.5523629188537598 0.6059911251068115 0.6014828681945801 0.6312069892883301 0.5502769947052002 0.5977160930633545 0.5891940593719482 0.6098728179931641 0.5564351081848145 0.5753381252288818 0.5737619400024414 0.6515369415283203 0.5790541172027588 0.5778248310089111 0.5950331687927246 0.5981128215789795 0.5741240978240967 0.6276619434356689 0.5943961143493652 0.6004598140716553 0.5892531871795654 0.6006197929382324 0.5817611217498779 0.5706570148468018 0.5874738693237305 0.5423521995544434 0.5856418609619141 0.6174800395965576 0.5614380836486816 0.5852959156036377 0.6189069747924805 0.5815460681915283 0.638153076171875 0.5803658962249756 0.5663449764251709 0.5090789794921875 0.5816869735717773


