# Created by Octave 4.2.2, Thu Jun 16 11:47:52 2022 CEST <rb271257@is154093>
# name: results_Runs
# type: matrix
# rows: 3
# columns: 40
 1 2 3 4 5 6 7 8 9 10 11 12 13 14 15 16 17 18 19 20 21 22 23 24 25 26 27 28 29 30 31 32 33 34 35 36 37 38 39 40
 5.950655698776245 6.431745767593384 6.97194766998291 7.58267068862915 8.171424627304077 8.763371706008911 9.371862649917603 9.919398784637451 10.48673677444458 11.10564064979553 11.70212769508362 12.27551484107971 12.87345385551453 13.46009683609009 14.03676176071167 14.60066175460815 15.20490169525146 15.79066777229309 16.3804497718811 16.97330164909363 17.55018877983093 18.21630167961121 18.79485273361206 19.38590383529663 19.95793771743774 20.5305278301239 21.09690475463867 21.66445684432983 22.25474882125854 22.83629179000854 23.43005776405334 24.05180883407593 24.64604377746582 25.23293972015381 25.85517072677612 26.47834777832031 27.0941846370697 27.7343008518219 28.30492067337036 28.92327880859375
 0 0.4810900688171387 0.5402019023895264 0.6107230186462402 0.5887539386749268 0.591947078704834 0.6084909439086914 0.5475361347198486 0.5673379898071289 0.6189038753509521 0.5964870452880859 0.5733871459960938 0.5979390144348145 0.5866429805755615 0.576664924621582 0.5638999938964844 0.6042399406433105 0.585766077041626 0.5897819995880127 0.5928518772125244 0.5768871307373047 0.6661128997802734 0.5785510540008545 0.5910511016845703 0.5720338821411133 0.5725901126861572 0.5663769245147705 0.5675520896911621 0.5902919769287109 0.58154296875 0.5937659740447998 0.621751070022583 0.5942349433898926 0.5868959426879883 0.6222310066223145 0.6231770515441895 0.6158368587493896 0.6401162147521973 0.5706198215484619 0.6183581352233887


