# Created by Octave 4.2.2, Tue Jun 21 16:13:55 2022 CEST <rb271257@is154093>
# name: results_Runs
# type: matrix
# rows: 3
# columns: 40
 1 2 3 4 5 6 7 8 9 10 11 12 13 14 15 16 17 18 19 20 21 22 23 24 25 26 27 28 29 30 31 32 33 34 35 36 37 38 39 40
 3.494369029998779 4.023580074310303 4.633657932281494 5.178752899169922 5.782299041748047 6.364573955535889 6.988929033279419 7.543554067611694 8.153521060943604 8.711629867553711 9.296583890914917 9.903375864028931 10.46819806098938 11.06546401977539 11.7339038848877 12.28721189498901 12.88943386077881 13.40688300132751 13.92713403701782 14.52732586860657 15.14753103256226 15.71027493476868 16.26011991500854 16.85808205604553 17.42746186256409 17.98880696296692 18.51909708976746 19.10964798927307 19.65252208709717 20.26153802871704 20.86855792999268 21.54767608642578 22.14106106758118 22.74131393432617 23.25689697265625 23.85208296775818 24.46624803543091 25.07046794891357 25.66423892974854 26.22723603248596
 0 0.5292110443115234 0.6100778579711914 0.5450949668884277 0.603546142578125 0.5822749137878418 0.6243550777435303 0.5546250343322754 0.6099669933319092 0.5581088066101074 0.5849540233612061 0.6067919731140137 0.5648221969604492 0.5972659587860107 0.6684398651123047 0.5533080101013184 0.6022219657897949 0.5174491405487061 0.5202510356903076 0.6001918315887451 0.6202051639556885 0.5627439022064209 0.5498449802398682 0.5979621410369873 0.5693798065185547 0.561345100402832 0.5302901268005371 0.5905508995056152 0.5428740978240967 0.609015941619873 0.6070199012756348 0.6791181564331055 0.5933849811553955 0.6002528667449951 0.5155830383300781 0.5951859951019287 0.6141650676727295 0.604219913482666 0.5937709808349609 0.5629971027374268


