# Created by Octave 4.2.2, Thu Jun 16 16:16:36 2022 CEST <rb271257@is154093>
# name: results_Runs
# type: matrix
# rows: 3
# columns: 39
 1 2 3 4 5 6 7 8 9 10 11 12 13 14 15 16 17 18 19 20 21 22 23 24 25 26 27 28 29 30 31 32 33 34 35 36 37 38 39
 6.26209282875061 6.905128717422485 7.471346855163574 8.056856870651245 8.67753267288208 9.214359760284424 9.762489795684814 10.38468265533447 11.00345683097839 11.60691380500793 12.17946577072144 12.80047678947449 13.38275480270386 13.94583868980408 14.53901672363281 15.09769678115845 15.6706657409668 16.27871584892273 16.83225679397583 17.42780685424805 18.03404188156128 18.62119579315186 19.28534173965454 19.8842978477478 20.50307965278625 21.1601836681366 21.76152372360229 22.38729381561279 22.9634108543396 23.53675866127014 24.14669871330261 24.78037786483765 25.39720869064331 25.99337387084961 26.54655981063843 27.08548474311829 27.71515774726868 28.25731778144836 28.83630180358887
 0 0.643035888671875 0.5662181377410889 0.5855100154876709 0.620675802230835 0.5368270874023438 0.5481300354003906 0.6221928596496582 0.6187741756439209 0.603456974029541 0.572551965713501 0.6210110187530518 0.5822780132293701 0.5630838871002197 0.5931780338287354 0.5586800575256348 0.5729689598083496 0.6080501079559326 0.5535409450531006 0.5955500602722168 0.6062350273132324 0.5871539115905762 0.6641459465026855 0.5989561080932617 0.6187818050384521 0.6571040153503418 0.6013400554656982 0.625770092010498 0.5761170387268066 0.573347806930542 0.6099400520324707 0.6336791515350342 0.6168308258056641 0.5961651802062988 0.5531859397888184 0.5389249324798584 0.6296730041503906 0.5421600341796875 0.5789840221405029


