# Created by Octave 4.2.2, Thu Jun 16 10:13:45 2022 CEST <rb271257@is154093>
# name: results_Runs
# type: matrix
# rows: 3
# columns: 38
 1 2 3 4 5 6 7 8 9 10 11 12 13 14 15 16 17 18 19 20 21 22 23 24 25 26 27 28 29 30 31 32 33 34 35 36 37 38
 6.410154581069946 7.046450614929199 7.653422594070435 8.206927537918091 8.789867639541626 9.386924505233765 9.979098558425903 10.54989051818848 11.15828061103821 11.75444054603577 12.33746361732483 12.9114716053009 13.49373745918274 14.12135457992554 14.65651249885559 15.25732064247131 15.84682250022888 16.43924045562744 17.01970553398132 17.60809350013733 18.25743865966797 18.89199757575989 19.48922443389893 20.06829166412354 20.6930685043335 21.3045175075531 21.95666146278381 22.55910658836365 23.19997453689575 23.83567667007446 24.46939444541931 25.09343552589417 25.77203559875488 26.40291261672974 26.98643946647644 27.58953452110291 28.21862053871155 28.85399961471558
 0 0.6362960338592529 0.6069719791412354 0.5535049438476562 0.5829401016235352 0.5970568656921387 0.5921740531921387 0.5707919597625732 0.6083900928497314 0.5961599349975586 0.5830230712890625 0.5740079879760742 0.5822658538818359 0.6276171207427979 0.5351579189300537 0.6008081436157227 0.5895018577575684 0.5924179553985596 0.5804650783538818 0.5883879661560059 0.6493451595306396 0.6345589160919189 0.5972268581390381 0.5790672302246094 0.6247768402099609 0.6114490032196045 0.6521439552307129 0.602445125579834 0.6408679485321045 0.6357021331787109 0.6337177753448486 0.6240410804748535 0.6786000728607178 0.6308770179748535 0.5835268497467041 0.6030950546264648 0.6290860176086426 0.6353790760040283


