# Created by Octave 4.2.2, Thu Jun 16 17:21:27 2022 CEST <rb271257@is154093>
# name: results_Runs
# type: matrix
# rows: 3
# columns: 41
 1 2 3 4 5 6 7 8 9 10 11 12 13 14 15 16 17 18 19 20 21 22 23 24 25 26 27 28 29 30 31 32 33 34 35 36 37 38 39 40 41
 5.949291706085205 6.409321784973145 6.99800968170166 7.58990478515625 8.19275975227356 8.773916721343994 9.333855628967285 9.976793766021729 10.60121273994446 11.14692878723145 11.76369667053223 12.34584975242615 12.91637778282166 13.50601768493652 14.10149574279785 14.67875456809998 15.24207878112793 15.8489396572113 16.43687176704407 17.0554256439209 17.60903477668762 18.21328473091125 18.80824375152588 19.37778067588806 19.95472860336304 20.54549169540405 21.13036060333252 21.72641062736511 22.24661779403687 22.82824778556824 23.40248560905457 23.98408961296082 24.55142569541931 25.11869668960571 25.66594672203064 26.27155375480652 26.83210778236389 27.39672565460205 27.96581268310547 28.60208058357239 29.19708967208862
 0 0.4600300788879395 0.5886878967285156 0.5918951034545898 0.6028549671173096 0.5811569690704346 0.559938907623291 0.6429381370544434 0.6244189739227295 0.5457160472869873 0.6167678833007812 0.5821530818939209 0.5705280303955078 0.5896399021148682 0.5954780578613281 0.577258825302124 0.5633242130279541 0.606860876083374 0.5879321098327637 0.6185538768768311 0.5536091327667236 0.6042499542236328 0.594959020614624 0.5695369243621826 0.5769479274749756 0.5907630920410156 0.5848689079284668 0.5960500240325928 0.5202071666717529 0.5816299915313721 0.5742378234863281 0.58160400390625 0.5673360824584961 0.5672709941864014 0.5472500324249268 0.6056070327758789 0.560554027557373 0.5646178722381592 0.569087028503418 0.6362679004669189 0.5950090885162354


