# Created by Octave 4.2.2, Thu Jun 16 10:13:13 2022 CEST <rb271257@is154093>
# name: results_Runs
# type: matrix
# rows: 3
# columns: 38
 1 2 3 4 5 6 7 8 9 10 11 12 13 14 15 16 17 18 19 20 21 22 23 24 25 26 27 28 29 30 31 32 33 34 35 36 37 38
 6.400221824645996 7.025303840637207 7.582966804504395 8.176541805267334 8.759515762329102 9.326055765151978 9.959561824798584 10.53551578521729 11.11178183555603 11.69016480445862 12.27583575248718 12.86822891235352 13.48755097389221 14.04759287834167 14.65773677825928 15.22205996513367 15.79113078117371 16.40605187416077 16.9775538444519 17.56462693214417 18.19202494621277 18.83800983428955 19.47522187232971 20.11852979660034 20.7349009513855 21.3654088973999 22.00478076934814 22.6248197555542 23.28168296813965 23.85652494430542 24.48186278343201 25.10130882263184 25.73727178573608 26.35750293731689 26.9776668548584 27.63171696662903 28.25524687767029 28.89683294296265
 0 0.6250820159912109 0.5576629638671875 0.5935750007629395 0.5829739570617676 0.566540002822876 0.6335060596466064 0.5759539604187012 0.5762660503387451 0.5783829689025879 0.5856709480285645 0.592393159866333 0.6193220615386963 0.5600419044494629 0.6101438999176025 0.5643231868743896 0.5690708160400391 0.6149210929870605 0.5715019702911377 0.5870730876922607 0.6273980140686035 0.6459848880767822 0.6372120380401611 0.6433079242706299 0.6163711547851562 0.6305079460144043 0.6393718719482422 0.6200389862060547 0.6568632125854492 0.5748419761657715 0.6253378391265869 0.6194460391998291 0.635962963104248 0.6202311515808105 0.6201639175415039 0.6540501117706299 0.6235299110412598 0.6415860652923584


