# Created by Octave 4.2.2, Thu Jun 16 15:06:57 2022 CEST <rb271257@is154093>
# name: results_Runs
# type: matrix
# rows: 3
# columns: 42
 1 2 3 4 5 6 7 8 9 10 11 12 13 14 15 16 17 18 19 20 21 22 23 24 25 26 27 28 29 30 31 32 33 34 35 36 37 38 39 40 41 42
 6.289187431335449 6.922297477722168 7.477937459945679 8.008923530578613 8.634424448013306 9.205621480941772 9.778476476669312 10.33386254310608 10.92294144630432 11.52073645591736 12.13255262374878 12.73247456550598 13.29220247268677 13.85488247871399 14.43246841430664 15.0068736076355 15.53623247146606 16.11409449577332 16.68066263198853 17.24144244194031 17.96936345100403 18.54701042175293 19.13335752487183 19.68422651290894 20.23010349273682 20.790367603302 21.30108547210693 21.85445952415466 22.40984153747559 22.91840863227844 23.47782158851624 23.99964642524719 24.52017450332642 25.05760955810547 25.60175442695618 26.1221125125885 26.60376453399658 27.17229557037354 27.70316743850708 28.24292755126953 28.80217456817627 29.30310750007629
 0 0.6331100463867188 0.5556399822235107 0.5309860706329346 0.6255009174346924 0.5711970329284668 0.5728549957275391 0.5553860664367676 0.5890789031982422 0.5977950096130371 0.6118161678314209 0.5999219417572021 0.5597279071807861 0.5626800060272217 0.5775859355926514 0.5744051933288574 0.5293588638305664 0.577862024307251 0.56656813621521 0.5607798099517822 0.7279210090637207 0.5776469707489014 0.5863471031188965 0.5508689880371094 0.5458769798278809 0.5602641105651855 0.5107178688049316 0.5533740520477295 0.5553820133209229 0.5085670948028564 0.559412956237793 0.521824836730957 0.5205280780792236 0.5374350547790527 0.544144868850708 0.5203580856323242 0.4816520214080811 0.5685310363769531 0.5308718681335449 0.5397601127624512 0.5592470169067383 0.5009329319000244


