# Created by Octave 4.2.2, Tue Jun 21 16:14:57 2022 CEST <rb271257@is154093>
# name: results_Runs
# type: matrix
# rows: 3
# columns: 39
 1 2 3 4 5 6 7 8 9 10 11 12 13 14 15 16 17 18 19 20 21 22 23 24 25 26 27 28 29 30 31 32 33 34 35 36 37 38 39
 3.364423274993896 3.963114261627197 4.529253244400024 5.085716247558594 5.640815258026123 6.202052354812622 6.836167335510254 7.38817834854126 7.95878529548645 8.564616203308105 9.197722196578979 9.78780722618103 10.40018630027771 10.99258732795715 11.61308431625366 12.20788526535034 12.71770620346069 13.27371335029602 13.93002820014954 14.5539562702179 15.21032524108887 15.73426413536072 16.2684051990509 16.83388113975525 17.43221712112427 18.05430126190186 18.67126822471619 19.26616430282593 19.87750911712646 20.48664832115173 21.13314414024353 21.71864533424377 22.24863219261169 22.88567733764648 23.43340635299683 24.07259726524353 24.72184014320374 25.32497334480286 25.90633034706116
 0 0.5986909866333008 0.5661389827728271 0.5564630031585693 0.5550990104675293 0.561237096786499 0.6341149806976318 0.5520110130310059 0.5706069469451904 0.6058309078216553 0.633105993270874 0.5900850296020508 0.6123790740966797 0.5924010276794434 0.6204969882965088 0.5948009490966797 0.5098209381103516 0.5560071468353271 0.6563148498535156 0.6239280700683594 0.6563689708709717 0.5239388942718506 0.5341410636901855 0.5654759407043457 0.5983359813690186 0.6220841407775879 0.6169669628143311 0.5948960781097412 0.6113448143005371 0.6091392040252686 0.6464958190917969 0.5855011940002441 0.5299868583679199 0.63704514503479 0.5477290153503418 0.6391909122467041 0.6492428779602051 0.6031332015991211 0.5813570022583008


