# Created by Octave 4.2.2, Thu Jun 16 17:55:39 2022 CEST <rb271257@is154093>
# name: results_Runs
# type: matrix
# rows: 3
# columns: 39
 1 2 3 4 5 6 7 8 9 10 11 12 13 14 15 16 17 18 19 20 21 22 23 24 25 26 27 28 29 30 31 32 33 34 35 36 37 38 39
 6.475252866744995 7.05274486541748 7.609118938446045 8.196443796157837 8.790913820266724 9.397902965545654 10.02440500259399 10.58298993110657 11.15817999839783 11.74197793006897 12.30752301216125 12.96434998512268 13.48513579368591 14.09410190582275 14.69557881355286 15.27436494827271 15.87016701698303 16.41555500030518 17.02054691314697 17.59494686126709 18.2302188873291 18.80072999000549 19.39122200012207 19.95777702331543 20.58835983276367 21.21565389633179 21.79494380950928 22.37332201004028 22.98127388954163 23.55270600318909 24.1584780216217 24.77083992958069 25.36136794090271 25.92305088043213 26.51378202438354 27.08691596984863 27.68604493141174 28.27296900749207 28.851970911026
 0 0.5774919986724854 0.5563740730285645 0.587324857711792 0.5944700241088867 0.6069891452789307 0.6265020370483398 0.5585849285125732 0.5751900672912598 0.5837979316711426 0.5655450820922852 0.6568269729614258 0.5207858085632324 0.6089661121368408 0.6014769077301025 0.5787861347198486 0.5958020687103271 0.5453879833221436 0.6049919128417969 0.5743999481201172 0.6352720260620117 0.5705111026763916 0.5904920101165771 0.5665550231933594 0.6305828094482422 0.6272940635681152 0.5792899131774902 0.5783782005310059 0.6079518795013428 0.5714321136474609 0.6057720184326172 0.6123619079589844 0.5905280113220215 0.5616829395294189 0.590731143951416 0.5731339454650879 0.5991289615631104 0.5869240760803223 0.5790019035339355


