# Created by Octave 4.2.2, Thu Jun 16 17:05:33 2022 CEST <rb271257@is154093>
# name: results_Runs
# type: matrix
# rows: 3
# columns: 41
 1 2 3 4 5 6 7 8 9 10 11 12 13 14 15 16 17 18 19 20 21 22 23 24 25 26 27 28 29 30 31 32 33 34 35 36 37 38 39 40 41
 5.945225715637207 6.444498777389526 7.021970748901367 7.659533739089966 8.215039730072021 8.813993692398071 9.431557655334473 10.01963782310486 10.5199978351593 11.1239447593689 11.73968982696533 12.34954881668091 12.97797966003418 13.52619767189026 14.08429670333862 14.70555377006531 15.22339677810669 15.89048981666565 16.54699969291687 17.10997080802917 17.61234378814697 18.29118084907532 18.82798171043396 19.44500780105591 20.03225684165955 20.60513687133789 21.21917486190796 21.85657072067261 22.42621374130249 22.9207067489624 23.4491126537323 24.07068276405334 24.63744974136353 25.21676778793335 25.83764576911926 26.3877067565918 26.96778082847595 27.60112571716309 28.14823484420776 28.82683682441711 29.30098485946655
 0 0.4992730617523193 0.5774719715118408 0.6375629901885986 0.5555059909820557 0.5989539623260498 0.6175639629364014 0.5880801677703857 0.5003600120544434 0.6039469242095947 0.6157450675964355 0.6098589897155762 0.6284308433532715 0.5482180118560791 0.5580990314483643 0.6212570667266846 0.5178430080413818 0.66709303855896 0.6565098762512207 0.5629711151123047 0.5023729801177979 0.6788370609283447 0.5368008613586426 0.6170260906219482 0.5872490406036377 0.5728800296783447 0.6140379905700684 0.6373958587646484 0.5696430206298828 0.4944930076599121 0.5284059047698975 0.6215701103210449 0.5667669773101807 0.5793180465698242 0.6208779811859131 0.5500609874725342 0.5800740718841553 0.6333448886871338 0.5471091270446777 0.6786019802093506 0.4741480350494385


