# Created by Octave 4.2.2, Tue Jun 21 17:30:36 2022 CEST <rb271257@is154093>
# name: results_Runs
# type: matrix
# rows: 3
# columns: 38
 1 2 3 4 5 6 7 8 9 10 11 12 13 14 15 16 17 18 19 20 21 22 23 24 25 26 27 28 29 30 31 32 33 34 35 36 37 38
 3.402476072311401 4.026328086853027 4.626837015151978 5.201908111572266 5.776319026947021 6.38764500617981 6.977888107299805 7.567003011703491 8.179433107376099 8.71984601020813 9.38710618019104 10.00134420394897 10.5289351940155 11.11180901527405 11.64509916305542 12.22257304191589 12.81502604484558 13.36575698852539 13.99728608131409 14.55180811882019 15.2599561214447 15.8639771938324 16.47647309303284 17.12089419364929 17.68774604797363 18.30007004737854 18.89952707290649 19.58926105499268 20.17044806480408 20.79487609863281 21.39387106895447 22.02943301200867 22.69620800018311 23.31036806106567 23.99841904640198 24.71038508415222 25.33971905708313 26.00419902801514
 0 0.623852014541626 0.6005089282989502 0.5750710964202881 0.5744109153747559 0.6113259792327881 0.5902431011199951 0.5891149044036865 0.6124300956726074 0.5404129028320312 0.6672601699829102 0.6142380237579346 0.5275909900665283 0.5828738212585449 0.5332901477813721 0.5774738788604736 0.5924530029296875 0.5507309436798096 0.6315290927886963 0.5545220375061035 0.7081480026245117 0.6040210723876953 0.6124958992004395 0.6444211006164551 0.5668518543243408 0.6123239994049072 0.5994570255279541 0.6897339820861816 0.5811870098114014 0.6244280338287354 0.5989949703216553 0.6355619430541992 0.6667749881744385 0.6141600608825684 0.6880509853363037 0.7119660377502441 0.6293339729309082 0.6644799709320068


