# Created by Octave 4.2.2, Thu Jun 16 17:22:31 2022 CEST <rb271257@is154093>
# name: results_Runs
# type: matrix
# rows: 3
# columns: 40
 1 2 3 4 5 6 7 8 9 10 11 12 13 14 15 16 17 18 19 20 21 22 23 24 25 26 27 28 29 30 31 32 33 34 35 36 37 38 39 40
 5.946184396743774 6.482324361801147 7.016746282577515 7.571731328964233 8.193182229995728 8.778448343276978 9.349501371383667 9.984669208526611 10.55056619644165 11.12828731536865 11.73143339157104 12.31709718704224 12.91155529022217 13.50051236152649 14.07149934768677 14.67304730415344 15.26892328262329 15.84794640541077 16.4513783454895 17.03517127037048 17.61155319213867 18.28639221191406 18.8537003993988 19.45395231246948 20.06804728507996 20.67778134346008 21.28888940811157 21.91261219978333 22.50455021858215 23.14454221725464 23.77368235588074 24.32757234573364 24.91882634162903 25.52286219596863 26.10040926933289 26.68962335586548 27.3173623085022 27.9029712677002 28.52124929428101 29.11685633659363
 0 0.536139965057373 0.5344219207763672 0.5549850463867188 0.6214509010314941 0.58526611328125 0.5710530281066895 0.6351678371429443 0.5658969879150391 0.577721118927002 0.6031460762023926 0.5856637954711914 0.5944581031799316 0.5889570713043213 0.5709869861602783 0.6015479564666748 0.5958759784698486 0.5790231227874756 0.6034319400787354 0.5837929248809814 0.5763819217681885 0.6748390197753906 0.5673081874847412 0.6002519130706787 0.6140949726104736 0.609734058380127 0.6111080646514893 0.6237227916717529 0.5919380187988281 0.6399919986724854 0.6291401386260986 0.5538899898529053 0.5912539958953857 0.6040358543395996 0.5775470733642578 0.5892140865325928 0.6277389526367188 0.585608959197998 0.6182780265808105 0.5956070423126221


