# Created by Octave 4.2.2, Thu Jun 16 11:44:44 2022 CEST <rb271257@is154093>
# name: results_Runs
# type: matrix
# rows: 3
# columns: 40
 1 2 3 4 5 6 7 8 9 10 11 12 13 14 15 16 17 18 19 20 21 22 23 24 25 26 27 28 29 30 31 32 33 34 35 36 37 38 39 40
 5.949514627456665 6.454625606536865 7.028481483459473 7.563363552093506 8.187040567398071 8.776221513748169 9.341058492660522 9.952216625213623 10.5150945186615 11.08669853210449 11.67294454574585 12.29108643531799 12.85447144508362 13.46609854698181 14.04425549507141 14.61578965187073 15.21611356735229 15.79773545265198 16.37938547134399 16.9773736000061 17.58992147445679 18.21852350234985 18.81066250801086 19.40693759918213 20.01726841926575 20.66189861297607 21.21795964241028 21.89883852005005 22.55186557769775 23.15786957740784 23.81566047668457 24.47237849235535 25.09757661819458 25.71530652046204 26.34527254104614 26.9444854259491 27.55967044830322 28.16173553466797 28.79041743278503 29.39682364463806
 0 0.5051109790802002 0.5738558769226074 0.5348820686340332 0.6236770153045654 0.5891809463500977 0.5648369789123535 0.6111581325531006 0.562877893447876 0.5716040134429932 0.5862460136413574 0.6181418895721436 0.563385009765625 0.6116271018981934 0.5781569480895996 0.5715341567993164 0.6003239154815674 0.5816218852996826 0.5816500186920166 0.5979881286621094 0.6125478744506836 0.6286020278930664 0.5921390056610107 0.5962750911712646 0.6103308200836182 0.6446301937103271 0.5560610294342041 0.6808788776397705 0.6530270576477051 0.606003999710083 0.6577908992767334 0.6567180156707764 0.6251981258392334 0.6177299022674561 0.6299660205841064 0.5992128849029541 0.615185022354126 0.6020650863647461 0.6286818981170654 0.6064062118530273


