# Created by Octave 4.2.2, Tue Jun 21 16:15:58 2022 CEST <rb271257@is154093>
# name: results_Runs
# type: matrix
# rows: 3
# columns: 39
 1 2 3 4 5 6 7 8 9 10 11 12 13 14 15 16 17 18 19 20 21 22 23 24 25 26 27 28 29 30 31 32 33 34 35 36 37 38 39
 3.345485210418701 3.975259065628052 4.584785223007202 5.101396083831787 5.747107028961182 6.319318056106567 6.919555187225342 7.487339019775391 8.132630109786987 8.660443067550659 9.206306219100952 9.866057157516479 10.44882822036743 11.02251315116882 11.62751913070679 12.19131016731262 12.78494215011597 13.39517021179199 13.98689913749695 14.52921319007874 15.24277210235596 15.8223090171814 16.38805413246155 16.94671416282654 17.59106707572937 18.15549421310425 18.62227416038513 19.25533819198608 19.7685911655426 20.38296318054199 21.00547003746033 21.58127903938293 22.19495010375977 22.85273504257202 23.40314412117004 24.00417709350586 24.57144403457642 25.19383907318115 25.7934410572052
 0 0.6297738552093506 0.6095261573791504 0.516610860824585 0.6457109451293945 0.5722110271453857 0.6002371311187744 0.5677838325500488 0.6452910900115967 0.5278129577636719 0.545863151550293 0.6597509384155273 0.5827710628509521 0.5736849308013916 0.6050059795379639 0.563791036605835 0.5936319828033447 0.6102280616760254 0.5917289257049561 0.5423140525817871 0.7135589122772217 0.5795369148254395 0.5657451152801514 0.5586600303649902 0.644352912902832 0.5644271373748779 0.4667799472808838 0.6330640316009521 0.5132529735565186 0.6143720149993896 0.622506856918335 0.5758090019226074 0.6136710643768311 0.6577849388122559 0.5504090785980225 0.6010329723358154 0.5672669410705566 0.6223950386047363 0.5996019840240479


