# Created by Octave 4.2.2, Thu Jun 16 10:45:13 2022 CEST <rb271257@is154093>
# name: results_Runs
# type: matrix
# rows: 3
# columns: 39
 1 2 3 4 5 6 7 8 9 10 11 12 13 14 15 16 17 18 19 20 21 22 23 24 25 26 27 28 29 30 31 32 33 34 35 36 37 38 39
 5.951202630996704 6.42130184173584 7.000919818878174 7.588881731033325 8.174509763717651 8.779737710952759 9.355119705200195 9.959688663482666 10.5411376953125 11.14504075050354 11.74593472480774 12.30837464332581 12.89433073997498 13.51235771179199 14.13934969902039 14.7107367515564 15.27219676971436 15.87535262107849 16.45196771621704 17.0513768196106 17.64999485015869 18.31375670433044 18.97042083740234 19.61367082595825 20.21823978424072 20.89375281333923 21.58055567741394 22.25074982643127 22.86463975906372 23.47106766700745 24.0806097984314 24.72471976280212 25.38329768180847 26.00512981414795 26.63990163803101 27.31610870361328 27.98248362541199 28.67055082321167 29.36624979972839
 0 0.4700992107391357 0.579617977142334 0.5879619121551514 0.5856280326843262 0.6052279472351074 0.5753819942474365 0.6045689582824707 0.581449031829834 0.60390305519104 0.6008939743041992 0.5624399185180664 0.5859560966491699 0.6180269718170166 0.6269919872283936 0.5713870525360107 0.561460018157959 0.6031558513641357 0.5766150951385498 0.5994091033935547 0.5986180305480957 0.6637618541717529 0.6566641330718994 0.6432499885559082 0.6045689582824707 0.6755130290985107 0.686802864074707 0.670194149017334 0.6138899326324463 0.6064279079437256 0.6095421314239502 0.6441099643707275 0.6585779190063477 0.6218321323394775 0.6347718238830566 0.6762070655822754 0.6663749217987061 0.6880671977996826 0.6956989765167236


