# Created by Octave 4.2.2, Thu Jun 16 17:54:04 2022 CEST <rb271257@is154093>
# name: results_Runs
# type: matrix
# rows: 3
# columns: 42
 1 2 3 4 5 6 7 8 9 10 11 12 13 14 15 16 17 18 19 20 21 22 23 24 25 26 27 28 29 30 31 32 33 34 35 36 37 38 39 40 41 42
 5.951992273330688 6.437500238418579 7.019389152526855 7.588000297546387 8.165561199188232 8.776384115219116 9.381669282913208 9.98279333114624 10.5239531993866 11.11961627006531 11.71456432342529 12.30504631996155 12.8937771320343 13.50602722167969 14.07843232154846 14.65797710418701 15.24421811103821 15.84556913375854 16.42808818817139 16.99374032020569 17.5808002948761 18.20104026794434 18.75481724739075 19.33235216140747 19.87521910667419 20.39427518844604 20.92760610580444 21.49130511283875 22.00884628295898 22.56644630432129 23.11930012702942 23.69118714332581 24.23812913894653 24.77399015426636 25.3416051864624 25.89306831359863 26.43697023391724 27.00660514831543 27.57750916481018 28.13684129714966 28.68107223510742 29.20986914634705
 0 0.4855079650878906 0.5818889141082764 0.5686111450195312 0.5775609016418457 0.6108229160308838 0.6052851676940918 0.6011240482330322 0.5411598682403564 0.5956630706787109 0.5949480533599854 0.5904819965362549 0.5887308120727539 0.6122500896453857 0.5724050998687744 0.5795447826385498 0.5862410068511963 0.6013510227203369 0.5825190544128418 0.5656521320343018 0.5870599746704102 0.6202399730682373 0.5537769794464111 0.5775349140167236 0.5428669452667236 0.5190560817718506 0.5333309173583984 0.5636990070343018 0.5175411701202393 0.5576000213623047 0.5528538227081299 0.5718870162963867 0.5469419956207275 0.5358610153198242 0.5676150321960449 0.5514631271362305 0.5439019203186035 0.5696349143981934 0.570904016494751 0.5593321323394775 0.5442309379577637 0.528796911239624


