# Created by Octave 4.2.2, Tue Jun 21 17:30:07 2022 CEST <rb271257@is154093>
# name: results_Runs
# type: matrix
# rows: 3
# columns: 39
 1 2 3 4 5 6 7 8 9 10 11 12 13 14 15 16 17 18 19 20 21 22 23 24 25 26 27 28 29 30 31 32 33 34 35 36 37 38 39
 3.518852710723877 4.033773899078369 4.565376758575439 5.174859762191772 5.693800926208496 6.242029905319214 6.870436906814575 7.461156845092773 8.064193725585938 8.613864898681641 9.218455791473389 9.756328821182251 10.4273419380188 11.02977681159973 11.62085580825806 12.19672393798828 12.80674481391907 13.41136288642883 13.98169183731079 14.60379385948181 15.27285480499268 15.86040472984314 16.44803071022034 17.06597089767456 17.64043688774109 18.12700891494751 18.70323991775513 19.23368191719055 19.77620887756348 20.3281147480011 21.16586589813232 21.73269772529602 22.33463191986084 22.84042882919312 23.40515971183777 24.17961382865906 24.7078869342804 25.33772778511047 25.87779784202576
 0 0.5149211883544922 0.5316028594970703 0.609483003616333 0.5189411640167236 0.5482289791107178 0.6284070014953613 0.5907199382781982 0.6030368804931641 0.5496711730957031 0.604590892791748 0.5378730297088623 0.6710131168365479 0.6024348735809326 0.5910789966583252 0.5758681297302246 0.6100208759307861 0.6046180725097656 0.570328950881958 0.6221020221710205 0.6690609455108643 0.5875499248504639 0.5876259803771973 0.6179401874542236 0.5744659900665283 0.4865720272064209 0.5762310028076172 0.5304419994354248 0.5425269603729248 0.5519058704376221 0.8377511501312256 0.5668318271636963 0.6019341945648193 0.5057969093322754 0.5647308826446533 0.7744541168212891 0.5282731056213379 0.6298408508300781 0.5400700569152832


