# Created by Octave 4.2.2, Tue Jun 21 17:52:58 2022 CEST <rb271257@is154093>
# name: results_Runs
# type: matrix
# rows: 3
# columns: 40
 1 2 3 4 5 6 7 8 9 10 11 12 13 14 15 16 17 18 19 20 21 22 23 24 25 26 27 28 29 30 31 32 33 34 35 36 37 38 39 40
 3.398358821868896 3.949068784713745 4.515475749969482 5.159568786621094 5.789919853210449 6.346964836120605 6.899194717407227 7.457878828048706 8.041671752929688 8.650742769241333 9.201957702636719 9.774306774139404 10.33871483802795 10.90100884437561 11.47693276405334 12.10455179214478 12.7322678565979 13.33826684951782 13.8971266746521 14.50816988945007 15.2091658115387 15.77447080612183 16.32902979850769 16.89835286140442 17.4933967590332 18.0433406829834 18.65161275863647 19.23303985595703 19.80366778373718 20.40509080886841 20.94922590255737 21.48170781135559 22.06411290168762 22.70641088485718 23.33315777778625 23.96332383155823 24.53944778442383 25.1832537651062 25.73589277267456 26.29744386672974
 0 0.5507099628448486 0.5664069652557373 0.6440930366516113 0.6303510665893555 0.5570449829101562 0.5522298812866211 0.5586841106414795 0.5837929248809814 0.6090710163116455 0.5512149333953857 0.5723490715026855 0.5644080638885498 0.5622940063476562 0.5759239196777344 0.6276190280914307 0.627716064453125 0.6059989929199219 0.5588598251342773 0.6110432147979736 0.700995922088623 0.5653049945831299 0.5545589923858643 0.5693230628967285 0.5950438976287842 0.5499439239501953 0.6082720756530762 0.5814270973205566 0.5706279277801514 0.6014230251312256 0.5441350936889648 0.5324819087982178 0.5824050903320312 0.6422979831695557 0.6267468929290771 0.6301660537719727 0.5761239528656006 0.643805980682373 0.5526390075683594 0.5615510940551758


