# Created by Octave 4.2.2, Thu Jun 16 11:49:29 2022 CEST <rb271257@is154093>
# name: results_Runs
# type: matrix
# rows: 3
# columns: 40
 1 2 3 4 5 6 7 8 9 10 11 12 13 14 15 16 17 18 19 20 21 22 23 24 25 26 27 28 29 30 31 32 33 34 35 36 37 38 39 40
 5.946903228759766 6.446532249450684 6.992867231369019 7.59290337562561 8.160904407501221 8.746414184570312 9.32383918762207 9.929677248001099 10.48597240447998 11.08057737350464 11.71398735046387 12.28682732582092 12.89642930030823 13.48607134819031 14.06511926651001 14.68496131896973 15.23389625549316 15.82138633728027 16.427814245224 17.00446629524231 17.60223722457886 18.21791934967041 18.80582737922668 19.4019513130188 19.99272227287292 20.59119939804077 21.22970032691956 21.84460520744324 22.44744634628296 23.03329634666443 23.65168428421021 24.27994823455811 24.87260627746582 25.53868722915649 26.17578434944153 26.84029626846313 27.46446919441223 28.09403538703918 28.68962740898132 29.33899426460266
 0 0.499629020690918 0.546334981918335 0.6000361442565918 0.5680010318756104 0.5855097770690918 0.5774250030517578 0.6058380603790283 0.5562951564788818 0.5946049690246582 0.6334099769592285 0.5728399753570557 0.6096019744873047 0.5896420478820801 0.5790479183197021 0.6198420524597168 0.5489349365234375 0.5874900817871094 0.6064279079437256 0.5766520500183105 0.5977709293365479 0.6156821250915527 0.5879080295562744 0.5961239337921143 0.590770959854126 0.5984771251678467 0.6385009288787842 0.6149048805236816 0.6028411388397217 0.5858500003814697 0.6183879375457764 0.6282639503479004 0.5926580429077148 0.6660809516906738 0.6370971202850342 0.6645119190216064 0.6241729259490967 0.6295661926269531 0.5955920219421387 0.6493668556213379


