# Created by Octave 4.2.2, Thu Jun 16 16:22:15 2022 CEST <rb271257@is154093>
# name: results_Runs
# type: matrix
# rows: 3
# columns: 40
 1 2 3 4 5 6 7 8 9 10 11 12 13 14 15 16 17 18 19 20 21 22 23 24 25 26 27 28 29 30 31 32 33 34 35 36 37 38 39 40
 6.019874811172485 6.477605819702148 7.025895833969116 7.621861696243286 8.196836709976196 8.781000852584839 9.415758848190308 9.96462082862854 10.54437875747681 11.09967184066772 11.76016974449158 12.29880881309509 12.88413977622986 13.47053170204163 14.06711173057556 14.61556482315063 15.21664690971375 15.81192088127136 16.39675569534302 17.01107382774353 17.60636878013611 18.30302977561951 18.86643290519714 19.39526581764221 20.05665683746338 20.63705372810364 21.20833086967468 21.76284885406494 22.38539791107178 22.9574499130249 23.5621018409729 24.16396474838257 24.77193188667297 25.35312581062317 25.96319890022278 26.5582218170166 27.15954971313477 27.81344771385193 28.3761157989502 28.97075891494751
 0 0.4577310085296631 0.5482900142669678 0.5959658622741699 0.5749750137329102 0.5841641426086426 0.6347579956054688 0.5488619804382324 0.5797579288482666 0.555293083190918 0.6604979038238525 0.5386390686035156 0.5853309631347656 0.5863919258117676 0.5965800285339355 0.5484530925750732 0.6010820865631104 0.5952739715576172 0.5848348140716553 0.6143181324005127 0.5952949523925781 0.6966609954833984 0.5634031295776367 0.5288329124450684 0.661391019821167 0.5803968906402588 0.5712771415710449 0.5545179843902588 0.6225490570068359 0.572052001953125 0.604651927947998 0.601862907409668 0.6079671382904053 0.5811939239501953 0.6100730895996094 0.5950229167938232 0.6013278961181641 0.6538980007171631 0.5626680850982666 0.5946431159973145


