# Created by Octave 4.2.2, Tue Jun 21 17:57:09 2022 CEST <rb271257@is154093>
# name: results_Runs
# type: matrix
# rows: 3
# columns: 39
 1 2 3 4 5 6 7 8 9 10 11 12 13 14 15 16 17 18 19 20 21 22 23 24 25 26 27 28 29 30 31 32 33 34 35 36 37 38 39
 3.223074913024902 3.831089019775391 4.389822006225586 5.027710914611816 5.654181957244873 6.370734930038452 6.931486845016479 7.527050018310547 8.141984939575195 8.719708919525146 9.315129995346069 9.894641876220703 10.50398993492126 11.12635803222656 11.64536094665527 12.22305583953857 12.82023596763611 13.40040898323059 14.01655292510986 14.5948498249054 15.27976083755493 15.85458493232727 16.49885487556458 17.14566493034363 17.7155978679657 18.34222602844238 18.91575598716736 19.55947494506836 20.19788694381714 20.79399490356445 21.38188481330872 21.99809002876282 22.5942280292511 23.27659702301025 23.95124292373657 24.5284309387207 25.1539249420166 25.784099817276 26.40931701660156
 0 0.6080141067504883 0.5587329864501953 0.6378889083862305 0.6264710426330566 0.7165529727935791 0.5607519149780273 0.5955631732940674 0.6149349212646484 0.5777239799499512 0.5954210758209229 0.5795118808746338 0.6093480587005615 0.6223680973052979 0.5190029144287109 0.5776948928833008 0.5971801280975342 0.5801730155944824 0.6161439418792725 0.5782968997955322 0.6849110126495361 0.5748240947723389 0.6442699432373047 0.6468100547790527 0.5699329376220703 0.6266281604766846 0.5735299587249756 0.643718957901001 0.6384119987487793 0.5961079597473145 0.5878899097442627 0.6162052154541016 0.5961380004882812 0.6823689937591553 0.6746459007263184 0.5771880149841309 0.6254940032958984 0.6301748752593994 0.6252171993255615


