# Created by Octave 4.2.2, Thu Jun 16 17:56:57 2022 CEST <rb271257@is154093>
# name: results_Runs
# type: matrix
# rows: 3
# columns: 41
 1 2 3 4 5 6 7 8 9 10 11 12 13 14 15 16 17 18 19 20 21 22 23 24 25 26 27 28 29 30 31 32 33 34 35 36 37 38 39 40 41
 5.945315361022949 6.43318247795105 7.024691343307495 7.598611354827881 8.13933253288269 8.765374422073364 9.361928462982178 9.973633527755737 10.52488136291504 11.11003351211548 11.73302745819092 12.30932450294495 12.90379738807678 13.50253653526306 14.04729843139648 14.63416051864624 15.2302074432373 15.83613133430481 16.42603540420532 17.03862547874451 17.62146139144897 18.26907134056091 18.82392549514771 19.43022751808167 20.03074741363525 20.59117150306702 21.17125344276428 21.76350140571594 22.33465838432312 22.91543936729431 23.49290943145752 24.05639433860779 24.62756943702698 25.19520735740662 25.76463937759399 26.37157344818115 26.96072244644165 27.52108550071716 28.1103253364563 28.69636535644531 29.31439447402954
 0 0.4878671169281006 0.5915088653564453 0.5739200115203857 0.5407211780548096 0.6260418891906738 0.5965540409088135 0.6117050647735596 0.5512478351593018 0.5851521492004395 0.6229939460754395 0.5762970447540283 0.5944728851318359 0.5987391471862793 0.5447618961334229 0.5868620872497559 0.5960469245910645 0.6059238910675049 0.5899040699005127 0.6125900745391846 0.5828359127044678 0.6476099491119385 0.554854154586792 0.60630202293396 0.6005198955535889 0.5604240894317627 0.5800819396972656 0.5922479629516602 0.5711569786071777 0.5807809829711914 0.577470064163208 0.5634849071502686 0.5711750984191895 0.5676379203796387 0.5694320201873779 0.6069340705871582 0.589148998260498 0.5603630542755127 0.5892398357391357 0.5860400199890137 0.6180291175842285


