# Created by Octave 4.2.2, Thu Jun 16 11:48:24 2022 CEST <rb271257@is154093>
# name: results_Runs
# type: matrix
# rows: 3
# columns: 40
 1 2 3 4 5 6 7 8 9 10 11 12 13 14 15 16 17 18 19 20 21 22 23 24 25 26 27 28 29 30 31 32 33 34 35 36 37 38 39 40
 5.951988697052002 6.434052705764771 6.991196632385254 7.57674765586853 8.144185781478882 8.746008634567261 9.351887702941895 9.919245719909668 10.45441961288452 11.0940957069397 11.62033867835999 12.03617262840271 12.31206560134888 12.87772679328918 13.4810836315155 14.05078959465027 14.65986180305481 15.23293662071228 15.82780575752258 16.42061161994934 16.99546480178833 17.59355568885803 18.22975158691406 18.8076376914978 19.42401361465454 19.99870562553406 20.59241461753845 21.19713878631592 21.83318066596985 22.44882965087891 23.0743567943573 23.66603064537048 24.30691576004028 24.95311880111694 25.58951163291931 26.21402668952942 26.86067056655884 27.48476362228394 28.10956478118896 28.78718566894531
 0 0.4820640087127686 0.5571439266204834 0.5855510234832764 0.5674381256103516 0.6018228530883789 0.6058790683746338 0.5673580169677734 0.5351738929748535 0.6396760940551758 0.5262429714202881 0.4158339500427246 0.275892972946167 0.5656611919403076 0.6033568382263184 0.5697059631347656 0.609072208404541 0.5730748176574707 0.5948691368103027 0.5928058624267578 0.5748531818389893 0.5980908870697021 0.6361958980560303 0.5778861045837402 0.6163759231567383 0.5746920108795166 0.5937089920043945 0.6047241687774658 0.6360418796539307 0.6156489849090576 0.6255271434783936 0.5916738510131836 0.6408851146697998 0.6462030410766602 0.6363928318023682 0.6245150566101074 0.6466438770294189 0.6240930557250977 0.6248011589050293 0.6776208877563477


