# Created by Octave 4.2.2, Tue Jun 21 15:37:12 2022 CEST <rb271257@is154093>
# name: results_Runs
# type: matrix
# rows: 3
# columns: 38
 1 2 3 4 5 6 7 8 9 10 11 12 13 14 15 16 17 18 19 20 21 22 23 24 25 26 27 28 29 30 31 32 33 34 35 36 37 38
 3.448312520980835 4.035598516464233 4.603525400161743 5.146465539932251 5.708940505981445 6.352066516876221 6.937921524047852 7.504411458969116 8.11449146270752 8.712718486785889 9.346309423446655 9.867141485214233 10.47504448890686 11.05468940734863 11.66621732711792 12.22164249420166 12.84175539016724 13.39933753013611 13.98965740203857 14.59864044189453 15.29750347137451 15.92822742462158 16.60114550590515 17.21987438201904 17.78192234039307 18.42355942726135 19.04736042022705 19.58167052268982 20.19391751289368 20.78293037414551 21.40544748306274 22.05291938781738 22.66134738922119 23.24522733688354 23.84942245483398 24.46707344055176 25.1473593711853 25.78675532341003
 0 0.5872859954833984 0.5679268836975098 0.5429401397705078 0.5624749660491943 0.6431260108947754 0.5858550071716309 0.5664899349212646 0.6100800037384033 0.5982270240783691 0.6335909366607666 0.5208320617675781 0.607903003692627 0.5796449184417725 0.6115279197692871 0.5554251670837402 0.6201128959655762 0.5575821399688721 0.5903198719024658 0.608983039855957 0.6988630294799805 0.6307239532470703 0.6729180812835693 0.6187288761138916 0.5620479583740234 0.6416370868682861 0.6238009929656982 0.5343101024627686 0.6122469902038574 0.5890128612518311 0.6225171089172363 0.6474719047546387 0.6084280014038086 0.5838799476623535 0.6041951179504395 0.6176509857177734 0.6802859306335449 0.6393959522247314


