# Created by Octave 4.2.2, Thu Jun 16 10:07:47 2022 CEST <rb271257@is154093>
# name: results_Runs
# type: matrix
# rows: 3
# columns: 39
 1 2 3 4 5 6 7 8 9 10 11 12 13 14 15 16 17 18 19 20 21 22 23 24 25 26 27 28 29 30 31 32 33 34 35 36 37 38 39
 5.994830846786499 6.463881015777588 7.005511999130249 7.577776908874512 8.18193507194519 8.757143020629883 9.329386949539185 9.920166015625 10.49951696395874 11.11117100715637 11.66555190086365 12.2562530040741 12.85553598403931 13.48377394676208 14.034255027771 14.65374207496643 15.2284688949585 15.83593988418579 16.41678404808044 16.96960592269897 17.57087087631226 18.27282190322876 18.83907985687256 19.47992396354675 20.06011605262756 20.68881392478943 21.30101203918457 21.92317795753479 22.56539106369019 23.2013840675354 23.82048892974854 24.4675600528717 25.12803101539612 25.71874499320984 26.36840605735779 27.07826900482178 27.70048904418945 28.33881402015686 28.90538787841797
 0 0.4690501689910889 0.5416309833526611 0.5722649097442627 0.6041581630706787 0.5752079486846924 0.5722439289093018 0.5907790660858154 0.5793509483337402 0.6116540431976318 0.5543808937072754 0.5907011032104492 0.59928297996521 0.6282379627227783 0.5504810810089111 0.6194870471954346 0.5747268199920654 0.6074709892272949 0.5808441638946533 0.5528218746185303 0.6012649536132812 0.7019510269165039 0.5662579536437988 0.6408441066741943 0.5801920890808105 0.6286978721618652 0.6121981143951416 0.6221659183502197 0.6422131061553955 0.6359930038452148 0.6191048622131348 0.6470711231231689 0.6604709625244141 0.5907139778137207 0.6496610641479492 0.7098629474639893 0.6222200393676758 0.6383249759674072 0.5665738582611084


