# Created by Octave 4.2.2, Tue Jun 21 17:31:05 2022 CEST <rb271257@is154093>
# name: results_Runs
# type: matrix
# rows: 3
# columns: 39
 1 2 3 4 5 6 7 8 9 10 11 12 13 14 15 16 17 18 19 20 21 22 23 24 25 26 27 28 29 30 31 32 33 34 35 36 37 38 39
 3.42789626121521 4.015036344528198 4.593884229660034 5.157156229019165 5.760489225387573 6.399938344955444 6.964589357376099 7.594597339630127 8.125225305557251 8.663606405258179 9.318151235580444 9.962646245956421 10.45960140228271 11.0693142414093 11.69550824165344 12.25733327865601 12.80687832832336 13.33601522445679 13.95097732543945 14.54384231567383 15.22089123725891 15.89326930046082 16.50852727890015 17.08281922340393 17.72713327407837 18.31501221656799 18.89419937133789 19.52204132080078 20.08049726486206 20.67524933815002 21.33143734931946 21.82231044769287 22.41158223152161 23.00649428367615 23.57102942466736 24.0978422164917 24.73890423774719 25.2999153137207 25.93948340415955
 0 0.5871400833129883 0.5788478851318359 0.5632719993591309 0.6033329963684082 0.6394491195678711 0.5646510124206543 0.6300079822540283 0.530627965927124 0.5383810997009277 0.6545448303222656 0.6444950103759766 0.4969551563262939 0.6097128391265869 0.6261940002441406 0.5618250370025635 0.5495450496673584 0.5291368961334229 0.614962100982666 0.592864990234375 0.677048921585083 0.6723780632019043 0.6152579784393311 0.5742919445037842 0.6443140506744385 0.587878942489624 0.5791871547698975 0.6278419494628906 0.5584559440612793 0.5947520732879639 0.6561880111694336 0.4908730983734131 0.5892717838287354 0.594912052154541 0.5645351409912109 0.5268127918243408 0.6410620212554932 0.5610110759735107 0.6395680904388428


