# Created by Octave 4.2.2, Tue Jun 21 15:37:43 2022 CEST <rb271257@is154093>
# name: results_Runs
# type: matrix
# rows: 3
# columns: 39
 1 2 3 4 5 6 7 8 9 10 11 12 13 14 15 16 17 18 19 20 21 22 23 24 25 26 27 28 29 30 31 32 33 34 35 36 37 38 39
 3.342732429504395 3.993101596832275 4.583510398864746 5.204524517059326 5.798700571060181 6.363800525665283 6.970638513565063 7.518582582473755 8.083222389221191 8.646618366241455 9.218883514404297 9.813921451568604 10.43821859359741 11.00078845024109 11.55430245399475 12.18435645103455 12.74284148216248 13.36186242103577 13.93783259391785 14.53062653541565 15.26670145988464 15.90641450881958 16.46131348609924 17.10512256622314 17.70767951011658 18.2988395690918 18.89283156394958 19.4336245059967 20.04513740539551 20.66345548629761 21.27747559547424 21.91009259223938 22.45510053634644 23.04430937767029 23.65836143493652 24.39368057250977 24.982994556427 25.55486059188843 26.14310050010681
 0 0.6503691673278809 0.5904088020324707 0.6210141181945801 0.5941760540008545 0.5650999546051025 0.6068379878997803 0.5479440689086914 0.5646398067474365 0.5633959770202637 0.5722651481628418 0.5950379371643066 0.6242971420288086 0.5625698566436768 0.5535140037536621 0.6300539970397949 0.5584850311279297 0.619020938873291 0.5759701728820801 0.5927939414978027 0.7360749244689941 0.6397130489349365 0.5548989772796631 0.6438090801239014 0.6025569438934326 0.5911600589752197 0.5939919948577881 0.5407929420471191 0.6115128993988037 0.6183180809020996 0.6140201091766357 0.6326169967651367 0.5450079441070557 0.5892088413238525 0.6140520572662354 0.7353191375732422 0.5893139839172363 0.5718660354614258 0.5882399082183838


