# Created by Octave 4.2.2, Thu Jun 16 17:58:32 2022 CEST <rb271257@is154093>
# name: results_Runs
# type: matrix
# rows: 3
# columns: 40
 1 2 3 4 5 6 7 8 9 10 11 12 13 14 15 16 17 18 19 20 21 22 23 24 25 26 27 28 29 30 31 32 33 34 35 36 37 38 39 40
 5.952265501022339 6.434856653213501 7.043288469314575 7.624613523483276 8.200544595718384 8.758541584014893 9.396267652511597 9.939136505126953 10.56687164306641 11.17693662643433 11.69582867622375 12.27960658073425 12.9138514995575 13.48640561103821 14.04495763778687 14.65060257911682 15.24060153961182 15.86953163146973 16.41640567779541 16.97203350067139 17.60792756080627 18.19507145881653 18.77456545829773 19.35153365135193 19.934086561203 20.52141666412354 21.63053464889526 22.17612552642822 22.76308655738831 23.33370161056519 23.90442562103271 24.47656846046448 25.00728249549866 25.60282158851624 26.15658259391785 26.70902752876282 27.25017857551575 27.81653356552124 28.38774657249451 28.95393562316895
 0 0.4825911521911621 0.6084318161010742 0.5813250541687012 0.5759310722351074 0.5579969882965088 0.6377260684967041 0.5428688526153564 0.6277351379394531 0.6100649833679199 0.5188920497894287 0.583777904510498 0.6342449188232422 0.5725541114807129 0.5585520267486572 0.6056449413299561 0.5899989604949951 0.6289300918579102 0.5468740463256836 0.5556278228759766 0.6358940601348877 0.5871438980102539 0.5794939994812012 0.5769681930541992 0.5825529098510742 0.5873301029205322 1.109117984771729 0.545590877532959 0.586961030960083 0.5706150531768799 0.5707240104675293 0.5721428394317627 0.5307140350341797 0.5955390930175781 0.5537610054016113 0.5524449348449707 0.5411510467529297 0.5663549900054932 0.5712130069732666 0.5661890506744385


