# Created by Octave 4.2.2, Thu Jun 16 16:17:14 2022 CEST <rb271257@is154093>
# name: results_Runs
# type: matrix
# rows: 3
# columns: 41
 1 2 3 4 5 6 7 8 9 10 11 12 13 14 15 16 17 18 19 20 21 22 23 24 25 26 27 28 29 30 31 32 33 34 35 36 37 38 39 40 41
 5.951289892196655 6.473634958267212 7.007624864578247 7.571963787078857 8.102994918823242 8.717464923858643 9.29836893081665 9.874944925308228 10.45887494087219 11.06611585617065 11.67765784263611 12.27520394325256 12.880206823349 13.41740894317627 14.02735686302185 14.63470077514648 15.22209978103638 15.74753093719482 16.38801980018616 17.00702595710754 17.5742347240448 18.19300389289856 18.74949884414673 19.3089337348938 19.91873693466187 20.50712776184082 21.08221793174744 21.65847277641296 22.27441191673279 22.88334274291992 23.45601487159729 24.01652574539185 24.64288091659546 25.25337886810303 25.73880672454834 26.30121493339539 26.89202284812927 27.49945783615112 28.11437678337097 28.6755747795105 29.28628373146057
 0 0.5223450660705566 0.5339899063110352 0.5643389225006104 0.5310311317443848 0.6144700050354004 0.5809040069580078 0.5765759944915771 0.5839300155639648 0.6072409152984619 0.6115419864654541 0.5975461006164551 0.6050028800964355 0.5372021198272705 0.6099479198455811 0.6073439121246338 0.5873990058898926 0.5254311561584473 0.640488862991333 0.6190061569213867 0.5672087669372559 0.6187691688537598 0.5564949512481689 0.5594348907470703 0.6098031997680664 0.5883908271789551 0.5750901699066162 0.5762548446655273 0.6159391403198242 0.6089308261871338 0.5726721286773682 0.5605108737945557 0.6263551712036133 0.6104979515075684 0.4854278564453125 0.5624082088470459 0.5908079147338867 0.6074349880218506 0.6149189472198486 0.5611979961395264 0.6107089519500732


