# Created by Octave 4.2.2, Tue Jun 21 16:14:26 2022 CEST <rb271257@is154093>
# name: results_Runs
# type: matrix
# rows: 3
# columns: 39
 1 2 3 4 5 6 7 8 9 10 11 12 13 14 15 16 17 18 19 20 21 22 23 24 25 26 27 28 29 30 31 32 33 34 35 36 37 38 39
 3.348841667175293 3.926810741424561 4.453909873962402 5.10287070274353 5.758270740509033 6.292158842086792 6.846622705459595 7.414456844329834 8.004838705062866 8.583484888076782 9.11482572555542 9.853196859359741 10.38177680969238 11.05950784683228 11.58529376983643 12.29052782058716 12.81176972389221 13.41219186782837 13.98306584358215 14.58178782463074 15.21567869186401 15.78248476982117 16.43180179595947 17.00325584411621 17.57757377624512 18.20267486572266 18.77958273887634 19.36752676963806 19.95418977737427 20.53607487678528 21.14761185646057 21.78911566734314 22.39539289474487 22.98874568939209 23.56727385520935 24.16984081268311 24.79741287231445 25.40796971321106 26.03825569152832
 0 0.5779690742492676 0.5270991325378418 0.6489608287811279 0.6554000377655029 0.5338881015777588 0.5544638633728027 0.5678341388702393 0.5903818607330322 0.578646183013916 0.5313408374786377 0.7383711338043213 0.5285799503326416 0.6777310371398926 0.5257859230041504 0.7052340507507324 0.5212419033050537 0.6004221439361572 0.5708739757537842 0.598721981048584 0.6338908672332764 0.5668060779571533 0.6493170261383057 0.5714540481567383 0.5743179321289062 0.6251010894775391 0.5769078731536865 0.5879440307617188 0.5866630077362061 0.5818850994110107 0.611536979675293 0.6415038108825684 0.6062772274017334 0.5933527946472168 0.5785281658172607 0.6025669574737549 0.6275720596313477 0.6105568408966064 0.6302859783172607


