# Created by Octave 4.2.2, Thu Jun 16 17:54:35 2022 CEST <rb271257@is154093>
# name: results_Runs
# type: matrix
# rows: 3
# columns: 41
 1 2 3 4 5 6 7 8 9 10 11 12 13 14 15 16 17 18 19 20 21 22 23 24 25 26 27 28 29 30 31 32 33 34 35 36 37 38 39 40 41
 5.947051048278809 6.462138175964355 7.025115966796875 7.582602977752686 8.184569120407104 8.78796911239624 9.344625949859619 9.9616539478302 10.58834004402161 11.13861608505249 11.72904014587402 12.33885598182678 12.95846605300903 13.49316716194153 14.0756950378418 14.66472816467285 15.21781206130981 15.84833717346191 16.44781804084778 17.0348961353302 17.62048196792603 18.2519371509552 18.80430698394775 19.41580009460449 19.96628999710083 20.53161406517029 21.10192012786865 21.66321897506714 22.19421005249023 22.72952008247375 23.25790095329285 23.79046511650085 24.37122297286987 24.95340895652771 25.49545812606812 26.06242513656616 26.6379280090332 27.19934105873108 27.73912501335144 28.30872297286987 28.87371397018433
 0 0.5150871276855469 0.5629777908325195 0.5574870109558105 0.6019661426544189 0.6033999919891357 0.5566568374633789 0.6170279979705811 0.6266860961914062 0.5502760410308838 0.5904240608215332 0.6098158359527588 0.619610071182251 0.5347011089324951 0.5825278759002686 0.5890331268310547 0.5530838966369629 0.6305251121520996 0.5994808673858643 0.5870780944824219 0.5855858325958252 0.6314551830291748 0.5523698329925537 0.6114931106567383 0.5504899024963379 0.565324068069458 0.5703060626983643 0.5612988471984863 0.5309910774230957 0.5353100299835205 0.5283808708190918 0.5325641632080078 0.5807578563690186 0.5821859836578369 0.5420491695404053 0.5669670104980469 0.575502872467041 0.561413049697876 0.5397839546203613 0.5695979595184326 0.5649909973144531


