# Created by Octave 4.2.2, Thu Jun 16 11:48:56 2022 CEST <rb271257@is154093>
# name: results_Runs
# type: matrix
# rows: 3
# columns: 40
 1 2 3 4 5 6 7 8 9 10 11 12 13 14 15 16 17 18 19 20 21 22 23 24 25 26 27 28 29 30 31 32 33 34 35 36 37 38 39 40
 5.950719118118286 6.427026271820068 7.010322332382202 7.616865158081055 8.207363128662109 8.788755178451538 9.374559164047241 9.941131114959717 10.53930234909058 11.11258220672607 11.69021534919739 12.27927613258362 12.85058927536011 13.4514172077179 14.06818723678589 14.67837333679199 15.256676197052 15.85855722427368 16.39616918563843 17.03650212287903 17.61957311630249 18.25753617286682 18.8711302280426 19.53182816505432 20.10789227485657 20.7288932800293 21.33641028404236 21.96031522750854 22.5967903137207 23.22646117210388 23.84659433364868 24.44987416267395 25.07556533813477 25.70431017875671 26.29122233390808 26.89808511734009 27.53977227210999 28.17465829849243 28.80112934112549 29.39104628562927
 0 0.4763071537017822 0.5832960605621338 0.6065428256988525 0.5904979705810547 0.5813920497894287 0.5858039855957031 0.5665719509124756 0.5981712341308594 0.573279857635498 0.5776331424713135 0.5890607833862305 0.5713131427764893 0.6008279323577881 0.6167700290679932 0.6101861000061035 0.5783028602600098 0.6018810272216797 0.5376119613647461 0.6403329372406006 0.5830709934234619 0.6379630565643311 0.6135940551757812 0.6606979370117188 0.5760641098022461 0.6210010051727295 0.6075170040130615 0.6239049434661865 0.6364750862121582 0.6296708583831787 0.6201331615447998 0.6032798290252686 0.6256911754608154 0.6287448406219482 0.5869121551513672 0.6068627834320068 0.6416871547698975 0.6348860263824463 0.6264710426330566 0.5899169445037842


