# Created by Octave 4.2.2, Tue Jun 21 16:19:26 2022 CEST <rb271257@is154093>
# name: results_Runs
# type: matrix
# rows: 3
# columns: 39
 1 2 3 4 5 6 7 8 9 10 11 12 13 14 15 16 17 18 19 20 21 22 23 24 25 26 27 28 29 30 31 32 33 34 35 36 37 38 39
 3.507421493530273 4.079209566116333 4.626135587692261 5.197608470916748 5.750403642654419 6.317244529724121 6.926788568496704 7.55110764503479 8.139037609100342 8.652623653411865 9.334716558456421 9.886236667633057 10.4543194770813 11.06276655197144 11.66283559799194 12.2444486618042 12.81076264381409 13.44970965385437 14.039475440979 14.63000249862671 15.32931852340698 15.979487657547 16.54804563522339 17.20687556266785 17.78177356719971 18.39495849609375 18.94231843948364 19.58269166946411 20.19612860679626 20.79697465896606 21.37101650238037 21.96300458908081 22.55955266952515 23.13747262954712 23.71359062194824 24.37800860404968 25.02023553848267 25.57462954521179 26.14917063713074
 0 0.5717880725860596 0.5469260215759277 0.5714728832244873 0.5527951717376709 0.5668408870697021 0.609544038772583 0.6243190765380859 0.5879299640655518 0.5135860443115234 0.6820929050445557 0.5515201091766357 0.5680828094482422 0.6084470748901367 0.6000690460205078 0.5816130638122559 0.5663139820098877 0.6389470100402832 0.5897657871246338 0.5905270576477051 0.6993160247802734 0.6501691341400146 0.5685579776763916 0.658829927444458 0.5748980045318604 0.613184928894043 0.5473599433898926 0.6403732299804688 0.6134369373321533 0.6008460521697998 0.5740418434143066 0.5919880867004395 0.5965480804443359 0.5779199600219727 0.576117992401123 0.6644179821014404 0.6422269344329834 0.554394006729126 0.5745410919189453


