# Created by Octave 4.2.2, Thu Jun 16 09:24:55 2022 CEST <rb271257@is154093>
# name: results_Training
# type: matrix
# rows: 3
# columns: 39
 1 2 3 4 5 6 7 8 9 10 11 12 13 14 15 16 17 18 19 20 21 22 23 24 25 26 27 28 29 30 31 32 33 34 35 36 37 38 39
 6.378932952880859 7.010957956314087 7.615501880645752 8.214656829833984 8.803001880645752 9.398099899291992 9.943017959594727 10.55283689498901 11.12802195549011 11.70728588104248 12.28967380523682 12.88423991203308 13.46171903610229 14.06552791595459 14.6329300403595 15.23265886306763 15.84994387626648 16.43886995315552 16.9922559261322 17.58264803886414 18.2316780090332 18.87040901184082 19.47761392593384 20.07091093063354 20.68988490104675 21.33217000961304 21.94709491729736 22.59843182563782 23.19821095466614 23.86113500595093 24.50231289863586 25.09650683403015 25.69617700576782 26.33841300010681 26.98209881782532 27.59206891059875 28.22375082969666 28.86315393447876 29.45495390892029
 0 0.6320250034332275 0.604543924331665 0.5991549491882324 0.5883450508117676 0.5950980186462402 0.5449180603027344 0.6098189353942871 0.5751850605010986 0.5792639255523682 0.5823879241943359 0.5945661067962646 0.5774791240692139 0.6038088798522949 0.5674021244049072 0.5997288227081299 0.6172850131988525 0.5889260768890381 0.5533859729766846 0.5903921127319336 0.6490299701690674 0.6387310028076172 0.6072049140930176 0.593297004699707 0.618973970413208 0.6422851085662842 0.6149249076843262 0.6513369083404541 0.5997791290283203 0.66292405128479 0.6411778926849365 0.5941939353942871 0.5996701717376709 0.6422359943389893 0.6436858177185059 0.6099700927734375 0.6316819190979004 0.6394031047821045 0.5917999744415283


