# Created by Octave 4.2.2, Thu Jun 16 09:26:06 2022 CEST <rb271257@is154093>
# name: results_Runs
# type: matrix
# rows: 3
# columns: 38
 1 2 3 4 5 6 7 8 9 10 11 12 13 14 15 16 17 18 19 20 21 22 23 24 25 26 27 28 29 30 31 32 33 34 35 36 37 38
 6.433091402053833 7.020175457000732 7.589982509613037 8.177807569503784 8.757878541946411 9.342538595199585 9.936711549758911 10.53486251831055 11.13548946380615 11.71544551849365 12.26429963111877 12.85172557830811 13.44746541976929 14.02136850357056 14.59347462654114 15.22923851013184 15.85747861862183 16.42940258979797 17.01937747001648 17.61702060699463 18.27827143669128 18.9392786026001 19.55191349983215 20.13215661048889 20.76637244224548 21.36268353462219 22.03009152412415 22.6041145324707 23.21697759628296 23.86791157722473 24.51256346702576 25.17337250709534 25.79546356201172 26.4220085144043 27.06394362449646 27.73560357093811 28.39836144447327 29.04427146911621
 0 0.5870840549468994 0.5698070526123047 0.5878250598907471 0.580070972442627 0.5846600532531738 0.5941729545593262 0.5981509685516357 0.6006269454956055 0.5799560546875 0.5488541126251221 0.5874259471893311 0.5957398414611816 0.5739030838012695 0.5721061229705811 0.6357638835906982 0.6282401084899902 0.5719239711761475 0.5899748802185059 0.5976431369781494 0.6612508296966553 0.6610071659088135 0.6126348972320557 0.5802431106567383 0.6342158317565918 0.596311092376709 0.6674079895019531 0.5740230083465576 0.6128630638122559 0.6509339809417725 0.6446518898010254 0.6608090400695801 0.6220910549163818 0.6265449523925781 0.6419351100921631 0.6716599464416504 0.6627578735351562 0.6459100246429443


