# Created by Octave 4.2.2, Thu Jun 16 16:23:18 2022 CEST <rb271257@is154093>
# name: results_Runs
# type: matrix
# rows: 3
# columns: 41
 1 2 3 4 5 6 7 8 9 10 11 12 13 14 15 16 17 18 19 20 21 22 23 24 25 26 27 28 29 30 31 32 33 34 35 36 37 38 39 40 41
 5.950044870376587 6.450870752334595 7.024752855300903 7.616582870483398 8.222853899002075 8.807003736495972 9.400955677032471 9.985087871551514 10.56420683860779 11.16139984130859 11.72607779502869 12.32685875892639 12.90828967094421 13.55129170417786 14.1008768081665 14.66020178794861 15.22690773010254 15.87387180328369 16.44935083389282 17.03005170822144 17.61224174499512 18.21459579467773 18.76375985145569 19.36316275596619 19.94759678840637 20.50123381614685 21.07820868492126 21.66262269020081 22.20055174827576 22.80459976196289 23.39128684997559 23.95349979400635 24.5647668838501 25.15995979309082 25.7606418132782 26.32912874221802 26.88953185081482 27.50540685653687 28.08262586593628 28.64816188812256 29.22331666946411
 0 0.5008258819580078 0.5738821029663086 0.5918300151824951 0.6062710285186768 0.5841498374938965 0.593951940536499 0.584132194519043 0.5791189670562744 0.5971930027008057 0.5646779537200928 0.6007809638977051 0.5814309120178223 0.6430020332336426 0.5495851039886475 0.5593249797821045 0.5667059421539307 0.6469640731811523 0.5754790306091309 0.5807008743286133 0.5821900367736816 0.6023540496826172 0.5491640567779541 0.599402904510498 0.5844340324401855 0.5536370277404785 0.5769748687744141 0.584414005279541 0.5379290580749512 0.6040480136871338 0.5866870880126953 0.5622129440307617 0.61126708984375 0.5951929092407227 0.6006820201873779 0.5684869289398193 0.5604031085968018 0.6158750057220459 0.5772190093994141 0.5655360221862793 0.5751547813415527


