# Created by Octave 4.2.2, Thu Jun 16 17:05:02 2022 CEST <rb271257@is154093>
# name: results_Runs
# type: matrix
# rows: 3
# columns: 40
 1 2 3 4 5 6 7 8 9 10 11 12 13 14 15 16 17 18 19 20 21 22 23 24 25 26 27 28 29 30 31 32 33 34 35 36 37 38 39 40
 5.952099323272705 6.459256172180176 7.023765325546265 7.657874345779419 8.241772174835205 8.798015356063843 9.353322267532349 10.00374031066895 10.5661301612854 11.14331531524658 11.76203417778015 12.33982515335083 12.88611531257629 13.48250031471252 14.11314916610718 14.67004132270813 15.24020028114319 15.85426235198975 16.44114828109741 17.02934432029724 17.6291491985321 18.28250336647034 18.87107634544373 19.48581218719482 20.11283135414124 20.72469115257263 21.30051827430725 21.90957522392273 22.50931930541992 23.16733622550964 23.79675436019897 24.37202334403992 24.99054431915283 25.59735226631165 26.16816425323486 26.7738893032074 27.3296582698822 27.93203115463257 28.52293229103088 29.06954526901245
 0 0.5071568489074707 0.5645091533660889 0.6341090202331543 0.5838978290557861 0.5562431812286377 0.5553069114685059 0.6504180431365967 0.5623898506164551 0.5771851539611816 0.6187188625335693 0.5777909755706787 0.5462901592254639 0.5963850021362305 0.6306488513946533 0.5568921566009521 0.5701589584350586 0.6140620708465576 0.586885929107666 0.5881960391998291 0.5998048782348633 0.6533541679382324 0.5885729789733887 0.6147358417510986 0.6270191669464111 0.6118597984313965 0.5758271217346191 0.6090569496154785 0.5997440814971924 0.6580169200897217 0.6294181346893311 0.5752689838409424 0.618520975112915 0.6068079471588135 0.5708119869232178 0.6057250499725342 0.5557689666748047 0.6023728847503662 0.5909011363983154 0.5466129779815674


