# Created by Octave 4.2.2, Thu Jun 16 09:27:46 2022 CEST <rb271257@is154093>
# name: results_Runs
# type: matrix
# rows: 3
# columns: 38
 1 2 3 4 5 6 7 8 9 10 11 12 13 14 15 16 17 18 19 20 21 22 23 24 25 26 27 28 29 30 31 32 33 34 35 36 37 38
 6.4238440990448 7.029351234436035 7.6269211769104 8.198688268661499 8.784611225128174 9.341751098632812 9.927356243133545 10.51547312736511 11.11125707626343 11.71491718292236 12.27190518379211 12.86361312866211 13.44647908210754 14.02951526641846 14.64927530288696 15.22520208358765 15.80641412734985 16.42406916618347 17.00944709777832 17.56690907478333 18.25792813301086 18.89405012130737 19.55749225616455 20.17742729187012 20.84126615524292 21.44677925109863 22.10802412033081 22.6905882358551 23.37143516540527 24.02550625801086 24.6637852191925 25.34286427497864 25.94583511352539 26.53983616828918 27.19666624069214 27.8086531162262 28.42190217971802 29.05660629272461
 0 0.6055071353912354 0.5975699424743652 0.5717670917510986 0.5859229564666748 0.5571398735046387 0.5856051445007324 0.5881168842315674 0.5957839488983154 0.6036601066589355 0.556988000869751 0.5917079448699951 0.5828659534454346 0.5830361843109131 0.6197600364685059 0.5759267807006836 0.581212043762207 0.6176550388336182 0.5853779315948486 0.5574619770050049 0.6910190582275391 0.6361219882965088 0.6634421348571777 0.6199350357055664 0.6638388633728027 0.6055130958557129 0.6612448692321777 0.582564115524292 0.6808469295501709 0.6540710926055908 0.6382789611816406 0.6790790557861328 0.6029708385467529 0.5940010547637939 0.6568300724029541 0.6119868755340576 0.6132490634918213 0.6347041130065918


