# Created by Octave 4.2.2, Thu Jun 16 16:17:48 2022 CEST <rb271257@is154093>
# name: results_Runs
# type: matrix
# rows: 3
# columns: 40
 1 2 3 4 5 6 7 8 9 10 11 12 13 14 15 16 17 18 19 20 21 22 23 24 25 26 27 28 29 30 31 32 33 34 35 36 37 38 39 40
 6.462736129760742 7.086226940155029 7.628427028656006 8.210247039794922 8.762810945510864 9.344252109527588 9.898191928863525 10.52188396453857 11.15058994293213 11.72031807899475 12.26646399497986 12.80575203895569 13.41189908981323 14.02230596542358 14.60272192955017 15.31057596206665 15.80274200439453 16.37671113014221 16.97477912902832 17.53779411315918 18.13742613792419 18.71146702766418 19.28377509117126 19.84760093688965 20.3796329498291 20.99428105354309 21.58852195739746 22.14151501655579 22.7278790473938 23.37507200241089 23.96935105323792 24.53408908843994 25.10262703895569 25.69828796386719 26.25327396392822 26.88409495353699 27.45732307434082 28.05430793762207 28.62182903289795 29.22050213813782
 0 0.6234908103942871 0.5422000885009766 0.581820011138916 0.5525639057159424 0.5814411640167236 0.5539398193359375 0.6236920356750488 0.6287059783935547 0.5697281360626221 0.5461459159851074 0.5392880439758301 0.6061470508575439 0.6104068756103516 0.5804159641265869 0.7078540325164795 0.4921660423278809 0.5739691257476807 0.5980679988861084 0.5630149841308594 0.5996320247650146 0.5740408897399902 0.5723080635070801 0.5638258457183838 0.5320320129394531 0.6146481037139893 0.5942409038543701 0.5529930591583252 0.5863640308380127 0.6471929550170898 0.5942790508270264 0.5647380352020264 0.5685379505157471 0.595660924911499 0.5549860000610352 0.6308209896087646 0.573228120803833 0.59698486328125 0.5675210952758789 0.5986731052398682


