# Created by Octave 4.2.2, Tue Jun 21 16:17:56 2022 CEST <rb271257@is154093>
# name: results_Runs
# type: matrix
# rows: 3
# columns: 40
 1 2 3 4 5 6 7 8 9 10 11 12 13 14 15 16 17 18 19 20 21 22 23 24 25 26 27 28 29 30 31 32 33 34 35 36 37 38 39 40
 3.320421934127808 3.985489845275879 4.56486177444458 5.158782958984375 5.759612798690796 6.346336841583252 6.914771795272827 7.575924873352051 8.110619783401489 8.68458890914917 9.321115732192993 9.885782957077026 10.46585392951965 11.06467986106873 11.60196089744568 12.14112091064453 12.82293796539307 13.35910987854004 13.97666096687317 14.63341474533081 15.29051995277405 15.79201078414917 16.35651087760925 16.92523288726807 17.55731081962585 18.14061784744263 18.71550273895264 19.2833878993988 19.84127974510193 20.36264181137085 20.94538688659668 21.54511380195618 22.13106083869934 22.66936182975769 23.18461394309998 23.73695683479309 24.28761792182922 24.81222987174988 25.37357091903687 25.96997475624084
 0 0.6650679111480713 0.5793719291687012 0.5939211845397949 0.6008298397064209 0.5867240428924561 0.5684349536895752 0.6611530780792236 0.5346949100494385 0.5739691257476807 0.6365268230438232 0.5646672248840332 0.580070972442627 0.5988259315490723 0.5372810363769531 0.5391600131988525 0.6818170547485352 0.5361719131469727 0.6175510883331299 0.6567537784576416 0.6571052074432373 0.5014908313751221 0.564500093460083 0.5687220096588135 0.6320779323577881 0.5833070278167725 0.5748848915100098 0.567885160446167 0.557891845703125 0.5213620662689209 0.5827450752258301 0.5997269153594971 0.5859470367431641 0.5383009910583496 0.5152521133422852 0.5523428916931152 0.5506610870361328 0.5246119499206543 0.5613410472869873 0.5964038372039795


