# Created by Octave 4.2.2, Thu Jun 16 10:08:19 2022 CEST <rb271257@is154093>
# name: results_Runs
# type: matrix
# rows: 3
# columns: 38
 1 2 3 4 5 6 7 8 9 10 11 12 13 14 15 16 17 18 19 20 21 22 23 24 25 26 27 28 29 30 31 32 33 34 35 36 37 38
 6.454354524612427 7.022082567214966 7.622117519378662 8.182928562164307 8.800494432449341 9.372165441513062 9.944945573806763 10.55041241645813 11.10718941688538 11.67425942420959 12.33543348312378 12.91578054428101 13.49852252006531 14.08665251731873 14.66208243370056 15.25005745887756 15.82219243049622 16.44122052192688 17.01456236839294 17.62581753730774 18.29390048980713 18.92876243591309 19.53083252906799 20.16737651824951 20.79177641868591 21.36552238464355 21.94799447059631 22.57697749137878 23.22959446907043 23.826491355896 24.50686955451965 25.10620546340942 25.8083975315094 26.49093055725098 27.14601540565491 27.78203153610229 28.44992637634277 29.0791494846344
 0 0.5677280426025391 0.6000349521636963 0.5608110427856445 0.6175658702850342 0.5716710090637207 0.5727801322937012 0.6054668426513672 0.5567770004272461 0.5670700073242188 0.6611740589141846 0.5803470611572266 0.5827419757843018 0.588129997253418 0.5754299163818359 0.587975025177002 0.5721349716186523 0.6190280914306641 0.5733418464660645 0.6112551689147949 0.6680829524993896 0.634861946105957 0.6020700931549072 0.6365439891815186 0.6243999004364014 0.5737459659576416 0.5824720859527588 0.6289830207824707 0.6526169776916504 0.5968968868255615 0.6803781986236572 0.5993359088897705 0.7021920680999756 0.6825330257415771 0.6550848484039307 0.6360161304473877 0.6678948402404785 0.629223108291626


