# Created by Octave 4.2.2, Tue Jun 21 15:36:41 2022 CEST <rb271257@is154093>
# name: results_Runs
# type: matrix
# rows: 3
# columns: 39
 1 2 3 4 5 6 7 8 9 10 11 12 13 14 15 16 17 18 19 20 21 22 23 24 25 26 27 28 29 30 31 32 33 34 35 36 37 38 39
 3.457892894744873 4.048295974731445 4.612027883529663 5.238216876983643 5.800000905990601 6.437864780426025 6.990453004837036 7.537499904632568 8.146930932998657 8.722592830657959 9.346956968307495 9.895684003829956 10.46832990646362 11.0600278377533 11.70017886161804 12.22154784202576 12.87106084823608 13.42739200592041 14.02166986465454 14.61726689338684 15.28151082992554 15.84865593910217 16.4764289855957 17.00377798080444 17.5949490070343 18.19373488426208 18.86103487014771 19.40247797966003 20.12651991844177 20.75623297691345 21.3989999294281 21.95637893676758 22.50297379493713 23.10596585273743 23.76532793045044 24.37170481681824 25.00396680831909 25.58381390571594 26.24816799163818
 0 0.5904030799865723 0.5637319087982178 0.6261889934539795 0.561784029006958 0.6378638744354248 0.5525882244110107 0.5470468997955322 0.6094310283660889 0.5756618976593018 0.6243641376495361 0.5487270355224609 0.572645902633667 0.5916979312896729 0.6401510238647461 0.5213689804077148 0.6495130062103271 0.5563311576843262 0.5942778587341309 0.5955970287322998 0.6642439365386963 0.5671451091766357 0.6277730464935303 0.5273489952087402 0.5911710262298584 0.5987858772277832 0.6672999858856201 0.5414431095123291 0.7240419387817383 0.6297130584716797 0.6427669525146484 0.5573790073394775 0.5465948581695557 0.602992057800293 0.6593620777130127 0.6063768863677979 0.6322619915008545 0.5798470973968506 0.6643540859222412


