# Created by Octave 4.2.2, Thu Jun 16 10:43:35 2022 CEST <rb271257@is154093>
# name: results_Runs
# type: matrix
# rows: 3
# columns: 38
 1 2 3 4 5 6 7 8 9 10 11 12 13 14 15 16 17 18 19 20 21 22 23 24 25 26 27 28 29 30 31 32 33 34 35 36 37 38
 6.372456789016724 6.983622789382935 7.587377786636353 8.160640716552734 8.77416467666626 9.387102842330933 9.946870803833008 10.51694583892822 11.11538362503052 11.72097063064575 12.2728157043457 12.87508273124695 13.47019672393799 14.07847380638123 14.66051769256592 15.26271677017212 15.84083080291748 16.40890765190125 16.9968798160553 17.6017107963562 18.27679681777954 18.87874484062195 19.46583962440491 20.08570265769958 20.71150779724121 21.35290575027466 21.97382569313049 22.66979265213013 23.29203367233276 23.91814184188843 24.55872678756714 25.15093278884888 25.78435373306274 26.46479272842407 27.12504577636719 27.81135678291321 28.45023369789124 29.09638977050781
 0 0.6111660003662109 0.603754997253418 0.5732629299163818 0.6135239601135254 0.6129381656646729 0.5597679615020752 0.5700750350952148 0.5984377861022949 0.6055870056152344 0.5518450736999512 0.6022670269012451 0.59511399269104 0.6082770824432373 0.5820438861846924 0.6021990776062012 0.5781140327453613 0.5680768489837646 0.5879721641540527 0.6048309803009033 0.6750860214233398 0.6019480228424072 0.587094783782959 0.6198630332946777 0.625805139541626 0.6413979530334473 0.620919942855835 0.6959669589996338 0.6222410202026367 0.6261081695556641 0.6405849456787109 0.5922060012817383 0.6334209442138672 0.6804389953613281 0.6602530479431152 0.6863110065460205 0.6388769149780273 0.6461560726165771


