# Created by Octave 4.2.2, Thu Jun 16 10:07:13 2022 CEST <rb271257@is154093>
# name: results_Runs
# type: matrix
# rows: 3
# columns: 38
 1 2 3 4 5 6 7 8 9 10 11 12 13 14 15 16 17 18 19 20 21 22 23 24 25 26 27 28 29 30 31 32 33 34 35 36 37 38
 6.416919231414795 7.024427175521851 7.601340293884277 8.195220232009888 8.801972389221191 9.36752724647522 9.95876932144165 10.53745532035828 11.10547518730164 11.69231224060059 12.30136919021606 12.88616538047791 13.4620463848114 14.0516881942749 14.61811137199402 15.22852921485901 15.81746339797974 16.40250825881958 16.96757936477661 17.56772327423096 18.19892430305481 18.82724523544312 19.417560338974 20.01900839805603 20.65936827659607 21.28313136100769 21.9457643032074 22.61728739738464 23.26335430145264 23.92873525619507 24.54965424537659 25.18217420578003 25.86321139335632 26.49894833564758 27.13678336143494 27.73935317993164 28.32600927352905 28.90975522994995
 0 0.6075079441070557 0.5769131183624268 0.5938799381256104 0.6067521572113037 0.5655548572540283 0.5912420749664307 0.578685998916626 0.5680198669433594 0.5868370532989502 0.6090569496154785 0.5847961902618408 0.5758810043334961 0.589641809463501 0.5664231777191162 0.6104178428649902 0.5889341831207275 0.5850448608398438 0.5650711059570312 0.6001439094543457 0.6312010288238525 0.6283209323883057 0.5903151035308838 0.6014480590820312 0.6403598785400391 0.6237630844116211 0.662632942199707 0.6715230941772461 0.6460669040679932 0.6653809547424316 0.6209189891815186 0.6325199604034424 0.6810371875762939 0.6357369422912598 0.6378350257873535 0.6025698184967041 0.5866560935974121 0.5837459564208984


