# Created by Octave 4.2.2, Thu Jun 16 17:58:00 2022 CEST <rb271257@is154093>
# name: results_Runs
# type: matrix
# rows: 3
# columns: 27
 1 2 3 4 5 6 7 8 9 10 11 12 13 14 15 16 17 18 19 20 21 22 23 24 25 26 27
 14.12171339988708 14.70999836921692 15.2616012096405 15.86719036102295 16.42764329910278 17.01607918739319 17.61664819717407 18.21868133544922 18.81317019462585 19.35798120498657 19.90431022644043 20.45452117919922 21.01875329017639 21.63346338272095 22.22030234336853 22.77044939994812 23.3693733215332 23.96715140342712 24.56307125091553 25.14038228988647 25.71286821365356 26.2812922000885 26.86943030357361 27.42717432975769 27.98160338401794 28.53160929679871 29.09860324859619
 0 0.588284969329834 0.551602840423584 0.6055891513824463 0.560452938079834 0.5884358882904053 0.6005690097808838 0.6020331382751465 0.5944888591766357 0.5448110103607178 0.5463290214538574 0.5502109527587891 0.5642321109771729 0.6147100925445557 0.586838960647583 0.5501470565795898 0.598923921585083 0.5977780818939209 0.5959198474884033 0.5773110389709473 0.5724859237670898 0.5684239864349365 0.5881381034851074 0.557744026184082 0.5544290542602539 0.5500059127807617 0.5669939517974854


