# Created by Octave 4.2.2, Thu Jun 16 15:07:30 2022 CEST <rb271257@is154093>
# name: results_Runs
# type: matrix
# rows: 3
# columns: 42
 1 2 3 4 5 6 7 8 9 10 11 12 13 14 15 16 17 18 19 20 21 22 23 24 25 26 27 28 29 30 31 32 33 34 35 36 37 38 39 40 41 42
 5.954563140869141 6.43408727645874 7.019050121307373 7.583380222320557 8.136388063430786 8.723032236099243 9.312924146652222 9.854580163955688 10.42778611183167 11.04899406433105 11.60687708854675 12.13179516792297 12.73850226402283 13.31156921386719 13.90881323814392 14.47152614593506 15.03428816795349 15.59210109710693 16.16799211502075 16.74114608764648 17.29378223419189 17.91752529144287 18.49744915962219 19.05887413024902 19.6531982421875 20.26421022415161 20.8609402179718 21.45131707191467 21.96464824676514 22.53480815887451 23.05753707885742 23.61614108085632 24.16857314109802 24.75722026824951 25.28494024276733 25.85737919807434 26.40680909156799 26.96409511566162 27.50224113464355 28.09077525138855 28.68254923820496 29.23128724098206
 0 0.4795241355895996 0.5849628448486328 0.5643301010131836 0.5530078411102295 0.586644172668457 0.5898919105529785 0.5416560173034668 0.5732059478759766 0.6212079524993896 0.5578830242156982 0.5249180793762207 0.6067070960998535 0.5730669498443604 0.5972440242767334 0.5627129077911377 0.5627620220184326 0.5578129291534424 0.5758910179138184 0.5731539726257324 0.5526361465454102 0.6237430572509766 0.5799238681793213 0.5614249706268311 0.5943241119384766 0.6110119819641113 0.5967299938201904 0.5903768539428711 0.5133311748504639 0.570159912109375 0.5227289199829102 0.5586040019989014 0.5524320602416992 0.5886471271514893 0.5277199745178223 0.5724389553070068 0.5494298934936523 0.5572860240936279 0.5381460189819336 0.5885341167449951 0.5917739868164062 0.5487380027770996


