# Created by Octave 4.2.2, Tue Jun 21 15:35:39 2022 CEST <rb271257@is154093>
# name: results_Runs
# type: matrix
# rows: 3
# columns: 40
 1 2 3 4 5 6 7 8 9 10 11 12 13 14 15 16 17 18 19 20 21 22 23 24 25 26 27 28 29 30 31 32 33 34 35 36 37 38 39 40
 3.47502589225769 4.006030797958374 4.608522891998291 5.214027881622314 5.80025577545166 6.371366739273071 6.940883874893188 7.490352869033813 8.126069784164429 8.722059726715088 9.336144685745239 9.906577825546265 10.46429681777954 11.03798079490662 11.63006782531738 12.20453786849976 12.79337978363037 13.41116189956665 13.98368883132935 14.49335074424744 15.10961890220642 15.69661378860474 16.27031373977661 16.86125588417053 17.42344284057617 17.92383670806885 18.5822377204895 19.12958669662476 19.71180272102356 20.26824069023132 20.87074375152588 21.47919273376465 22.03569769859314 22.64778685569763 23.17149376869202 23.82963180541992 24.35840177536011 24.99630570411682 25.56284689903259 26.15468668937683
 0 0.5310049057006836 0.602492094039917 0.6055049896240234 0.5862278938293457 0.5711109638214111 0.5695171356201172 0.549468994140625 0.6357169151306152 0.5959899425506592 0.6140849590301514 0.5704331398010254 0.5577189922332764 0.5736839771270752 0.5920870304107666 0.574470043182373 0.5888419151306152 0.6177821159362793 0.5725269317626953 0.5096619129180908 0.6162681579589844 0.5869948863983154 0.573699951171875 0.5909421443939209 0.5621869564056396 0.5003938674926758 0.6584010124206543 0.5473489761352539 0.5822160243988037 0.5564379692077637 0.6025030612945557 0.6084489822387695 0.5565049648284912 0.6120891571044922 0.5237069129943848 0.6581380367279053 0.5287699699401855 0.6379039287567139 0.5665411949157715 0.5918397903442383


