# Created by Octave 4.2.2, Thu Jun 16 15:08:03 2022 CEST <rb271257@is154093>
# name: results_Runs
# type: matrix
# rows: 3
# columns: 40
 1 2 3 4 5 6 7 8 9 10 11 12 13 14 15 16 17 18 19 20 21 22 23 24 25 26 27 28 29 30 31 32 33 34 35 36 37 38 39 40
 6.394041776657104 6.990504741668701 7.57167387008667 8.17417573928833 8.690721750259399 9.356442928314209 9.943679809570312 10.48076891899109 11.01797890663147 11.63054275512695 12.19779491424561 12.84379577636719 13.41667079925537 14.00557780265808 14.5795738697052 15.16204476356506 15.75865793228149 16.36178493499756 16.94841885566711 17.56409573554993 18.08108878135681 18.6624128818512 19.22639179229736 19.78642082214355 20.35336375236511 20.93611192703247 21.51149988174438 22.07846093177795 22.66389393806458 23.22452282905579 23.80704689025879 24.35843873023987 24.95219993591309 25.5190098285675 26.08451390266418 26.6451427936554 27.20308876037598 27.76833391189575 28.35654592514038 28.90703582763672
 0 0.5964629650115967 0.5811691284179688 0.6025018692016602 0.5165460109710693 0.6657211780548096 0.5872368812561035 0.5370891094207764 0.5372099876403809 0.6125638484954834 0.5672521591186523 0.646000862121582 0.5728750228881836 0.58890700340271 0.5739960670471191 0.5824708938598633 0.5966131687164307 0.6031270027160645 0.5866339206695557 0.6156768798828125 0.5169930458068848 0.5813241004943848 0.563978910446167 0.5600290298461914 0.5669429302215576 0.5827481746673584 0.5753879547119141 0.5669610500335693 0.5854330062866211 0.5606288909912109 0.5825240612030029 0.5513918399810791 0.5937612056732178 0.5668098926544189 0.5655040740966797 0.5606288909912109 0.5579459667205811 0.5652451515197754 0.5882120132446289 0.5504899024963379


