# Created by Octave 4.2.2, Tue Jun 21 17:29:07 2022 CEST <rb271257@is154093>
# name: results_Runs
# type: matrix
# rows: 3
# columns: 39
 1 2 3 4 5 6 7 8 9 10 11 12 13 14 15 16 17 18 19 20 21 22 23 24 25 26 27 28 29 30 31 32 33 34 35 36 37 38 39
 3.36053204536438 3.955979108810425 4.545984029769897 5.149867057800293 5.700093984603882 6.23528003692627 6.815464973449707 7.415099143981934 7.957200050354004 8.512887001037598 9.072267055511475 9.669317007064819 10.35992097854614 10.96929717063904 11.50131916999817 12.03874015808105 12.67246508598328 13.3272180557251 14.00460815429688 14.61540699005127 15.2322461605072 15.80985116958618 16.4060389995575 17.00591611862183 17.68944597244263 18.26601195335388 18.8990650177002 19.58653211593628 20.14666295051575 20.75255703926086 21.38210296630859 21.95585107803345 22.56751012802124 23.17632913589478 23.8536331653595 24.48885703086853 25.19449400901794 25.84889197349548 26.44864797592163
 0 0.5954470634460449 0.5900049209594727 0.6038830280303955 0.5502269268035889 0.5351860523223877 0.5801849365234375 0.5996341705322266 0.5421009063720703 0.5556869506835938 0.559380054473877 0.5970499515533447 0.6906039714813232 0.6093761920928955 0.5320219993591309 0.5374209880828857 0.6337249279022217 0.6547529697418213 0.6773900985717773 0.6107988357543945 0.6168391704559326 0.5776050090789795 0.5961878299713135 0.5998771190643311 0.6835298538208008 0.5765659809112549 0.6330530643463135 0.687467098236084 0.5601308345794678 0.6058940887451172 0.6295459270477295 0.5737481117248535 0.611659049987793 0.6088190078735352 0.6773040294647217 0.6352238655090332 0.7056369781494141 0.6543979644775391 0.5997560024261475


