# Created by Octave 4.2.2, Tue Jun 21 17:53:28 2022 CEST <rb271257@is154093>
# name: results_Runs
# type: matrix
# rows: 3
# columns: 40
 1 2 3 4 5 6 7 8 9 10 11 12 13 14 15 16 17 18 19 20 21 22 23 24 25 26 27 28 29 30 31 32 33 34 35 36 37 38 39 40
 3.564822196960449 4.031246185302734 4.711799144744873 5.266647100448608 5.777979135513306 6.32383918762207 6.883790016174316 7.420009136199951 7.989991188049316 8.562403202056885 9.221778154373169 9.779851198196411 10.33737206459045 10.9356369972229 11.5329852104187 12.13666319847107 12.76021909713745 13.43476510047913 13.97229099273682 14.56261420249939 15.24054598808289 15.80510115623474 16.41696119308472 17.03318119049072 17.56243515014648 18.16795301437378 18.76583504676819 19.38819813728333 19.99864506721497 20.58332204818726 21.17871117591858 21.7401020526886 22.29256415367126 22.8773500919342 23.4205470085144 23.9838809967041 24.59728097915649 25.15654110908508 25.73357319831848 26.38471508026123
 0 0.4664239883422852 0.6805529594421387 0.5548479557037354 0.5113320350646973 0.5458600521087646 0.5599508285522461 0.5362191200256348 0.5699820518493652 0.5724120140075684 0.6593749523162842 0.5580730438232422 0.557520866394043 0.5982649326324463 0.5973482131958008 0.6036779880523682 0.6235558986663818 0.6745460033416748 0.5375258922576904 0.5903232097625732 0.6779317855834961 0.5645551681518555 0.6118600368499756 0.6162199974060059 0.5292539596557617 0.6055178642272949 0.5978820323944092 0.6223630905151367 0.6104469299316406 0.58467698097229 0.5953891277313232 0.5613908767700195 0.552462100982666 0.5847859382629395 0.5431969165802002 0.5633339881896973 0.6133999824523926 0.5592601299285889 0.5770320892333984 0.651141881942749


