# Created by Octave 4.2.2, Thu Jun 16 10:44:08 2022 CEST <rb271257@is154093>
# name: results_Runs
# type: matrix
# rows: 3
# columns: 38
 1 2 3 4 5 6 7 8 9 10 11 12 13 14 15 16 17 18 19 20 21 22 23 24 25 26 27 28 29 30 31 32 33 34 35 36 37 38
 6.37773609161377 6.99761700630188 7.584005117416382 8.173655033111572 8.781447172164917 9.375295162200928 10.00980305671692 10.56947207450867 11.16300010681152 11.76921916007996 12.34035921096802 12.92027020454407 13.48952198028564 14.10403919219971 14.66316509246826 15.25939202308655 15.84839010238647 16.39387798309326 17.04710006713867 17.60015797615051 18.28476715087891 18.90554308891296 19.47836399078369 20.12970805168152 20.7583429813385 21.37330603599548 21.9732551574707 22.58923316001892 23.17527413368225 23.84227919578552 24.50830698013306 25.13571310043335 25.80505013465881 26.4423999786377 27.04112505912781 27.67612218856812 28.31670212745667 29.03538203239441
 0 0.6198809146881104 0.586388111114502 0.5896499156951904 0.6077921390533447 0.5938479900360107 0.6345078945159912 0.559669017791748 0.5935280323028564 0.6062190532684326 0.5711400508880615 0.5799109935760498 0.5692517757415771 0.6145172119140625 0.5591259002685547 0.5962269306182861 0.5889980792999268 0.5454878807067871 0.6532220840454102 0.5530579090118408 0.6846091747283936 0.6207759380340576 0.5728209018707275 0.6513440608978271 0.6286349296569824 0.6149630546569824 0.5999491214752197 0.6159780025482178 0.5860409736633301 0.6670050621032715 0.6660277843475342 0.627406120300293 0.6693370342254639 0.6373498439788818 0.5987250804901123 0.6349971294403076 0.6405799388885498 0.7186799049377441


