# Created by Octave 4.2.2, Tue Jun 21 16:18:25 2022 CEST <rb271257@is154093>
# name: results_Runs
# type: matrix
# rows: 3
# columns: 40
 1 2 3 4 5 6 7 8 9 10 11 12 13 14 15 16 17 18 19 20 21 22 23 24 25 26 27 28 29 30 31 32 33 34 35 36 37 38 39 40
 3.324978351593018 3.998076438903809 4.577898263931274 5.171221256256104 5.725002288818359 6.365570306777954 6.918855428695679 7.563736438751221 8.149891376495361 8.663885354995728 9.290042400360107 9.884750366210938 10.44380521774292 11.04925942420959 11.63466024398804 12.18155837059021 12.79136323928833 13.38187837600708 14.00120544433594 14.59599542617798 15.25209641456604 15.75849223136902 16.29975438117981 16.85319542884827 17.4282603263855 17.99203443527222 18.56938433647156 19.12882733345032 19.6751344203949 20.21692538261414 20.7308464050293 21.40922331809998 21.96940422058105 22.52404928207397 23.17647123336792 23.74041223526001 24.36166644096375 24.94638538360596 25.50760531425476 26.10447931289673
 0 0.673098087310791 0.5798218250274658 0.5933229923248291 0.5537810325622559 0.6405680179595947 0.5532851219177246 0.644881010055542 0.5861549377441406 0.5139939785003662 0.6261570453643799 0.5947079658508301 0.5590548515319824 0.6054542064666748 0.5854008197784424 0.5468981266021729 0.6098048686981201 0.59051513671875 0.6193270683288574 0.594789981842041 0.6561009883880615 0.5063958168029785 0.541262149810791 0.553441047668457 0.5750648975372314 0.5637741088867188 0.5773499011993408 0.5594429969787598 0.5463070869445801 0.5417909622192383 0.5139210224151611 0.6783769130706787 0.5601809024810791 0.5546450614929199 0.6524219512939453 0.5639410018920898 0.6212542057037354 0.5847189426422119 0.5612199306488037 0.5968739986419678


