# Created by Octave 4.2.2, Tue Jun 21 17:29:38 2022 CEST <rb271257@is154093>
# name: results_Runs
# type: matrix
# rows: 3
# columns: 39
 1 2 3 4 5 6 7 8 9 10 11 12 13 14 15 16 17 18 19 20 21 22 23 24 25 26 27 28 29 30 31 32 33 34 35 36 37 38 39
 3.482476949691772 4.000179052352905 4.596179008483887 5.172761917114258 5.766180038452148 6.339484930038452 6.915463924407959 7.468025922775269 8.087965965270996 8.685038089752197 9.278368949890137 9.870337963104248 10.45396995544434 11.06079411506653 11.62474703788757 12.2771680355072 12.83290696144104 13.42162895202637 14.0150089263916 14.63611602783203 15.25676798820496 15.82019305229187 16.42522406578064 17.07158207893372 17.62361598014832 18.26581501960754 18.87899994850159 19.46230411529541 20.01870107650757 20.66468095779419 21.24338603019714 21.81165313720703 22.42126607894897 22.97718501091003 23.54587292671204 24.20195293426514 24.82135105133057 25.38545393943787 25.91433596611023
 0 0.5177021026611328 0.5959999561309814 0.5765829086303711 0.5934181213378906 0.5733048915863037 0.5759789943695068 0.5525619983673096 0.6199400424957275 0.5970721244812012 0.5933308601379395 0.5919690132141113 0.5836319923400879 0.6068241596221924 0.5639529228210449 0.6524209976196289 0.5557389259338379 0.5887219905853271 0.5933799743652344 0.6211071014404297 0.6206519603729248 0.5634250640869141 0.6050310134887695 0.6463580131530762 0.5520339012145996 0.6421990394592285 0.613184928894043 0.5833041667938232 0.5563969612121582 0.6459798812866211 0.5787050724029541 0.5682671070098877 0.6096129417419434 0.5559189319610596 0.568687915802002 0.6560800075531006 0.6193981170654297 0.5641028881072998 0.5288820266723633


