# Created by Octave 4.2.2, Thu Jun 16 17:04:30 2022 CEST <rb271257@is154093>
# name: results_Runs
# type: matrix
# rows: 3
# columns: 40
 1 2 3 4 5 6 7 8 9 10 11 12 13 14 15 16 17 18 19 20 21 22 23 24 25 26 27 28 29 30 31 32 33 34 35 36 37 38 39 40
 5.950711965560913 6.432535171508789 6.971812009811401 7.560043096542358 8.175526142120361 8.754755020141602 9.319022178649902 9.882495164871216 10.48479008674622 11.06120014190674 11.72161602973938 12.26212596893311 12.85166311264038 13.46864318847656 14.05549001693726 14.67652606964111 15.25244903564453 15.85464715957642 16.49012804031372 17.03117108345032 17.61251497268677 18.23830509185791 18.81196212768555 19.37400913238525 19.96038508415222 20.53711414337158 21.11720705032349 21.7158031463623 22.32965517044067 22.95171213150024 23.47535300254822 24.0777530670166 24.6642050743103 25.26682996749878 25.88329410552979 26.46435618400574 27.09993100166321 27.69432711601257 28.31615614891052 28.93758296966553
 0 0.481823205947876 0.5392768383026123 0.588231086730957 0.6154830455780029 0.5792288780212402 0.5642671585083008 0.5634729862213135 0.602294921875 0.5764100551605225 0.6604158878326416 0.5405099391937256 0.5895371437072754 0.6169800758361816 0.5868468284606934 0.6210360527038574 0.575922966003418 0.6021981239318848 0.6354808807373047 0.5410430431365967 0.5813438892364502 0.6257901191711426 0.5736570358276367 0.562047004699707 0.5863759517669678 0.5767290592193604 0.5800929069519043 0.5985960960388184 0.6138520240783691 0.6220569610595703 0.5236408710479736 0.6024000644683838 0.5864520072937012 0.6026248931884766 0.6164641380310059 0.5810620784759521 0.6355748176574707 0.5943961143493652 0.6218290328979492 0.6214268207550049


