# Created by Octave 4.2.2, Thu Jun 16 09:26:40 2022 CEST <rb271257@is154093>
# name: results_Runs
# type: matrix
# rows: 3
# columns: 38
 1 2 3 4 5 6 7 8 9 10 11 12 13 14 15 16 17 18 19 20 21 22 23 24 25 26 27 28 29 30 31 32 33 34 35 36 37 38
 6.417232036590576 7.020408153533936 7.604469060897827 8.186586141586304 8.793753147125244 9.360138177871704 9.952344179153442 10.5185751914978 11.13339018821716 11.73464512825012 12.30850505828857 12.89675402641296 13.50344920158386 14.09592509269714 14.67844820022583 15.24053716659546 15.80505704879761 16.45702004432678 17.02253103256226 17.59157299995422 18.28064012527466 18.90809607505798 19.56566500663757 20.19934320449829 20.84378004074097 21.46374320983887 22.07148313522339 22.69780921936035 23.34788513183594 23.98784708976746 24.61929702758789 25.25520920753479 25.85132002830505 26.5623881816864 27.20513415336609 27.85460805892944 28.50687313079834 29.17921710014343
 0 0.6031761169433594 0.5840609073638916 0.5821170806884766 0.6071670055389404 0.56638503074646 0.5922060012817383 0.5662310123443604 0.6148149967193604 0.601254940032959 0.5738599300384521 0.5882489681243896 0.6066951751708984 0.5924758911132812 0.5825231075286865 0.5620889663696289 0.5645198822021484 0.6519629955291748 0.5655109882354736 0.5690419673919678 0.6890671253204346 0.6274559497833252 0.6575689315795898 0.6336781978607178 0.6444368362426758 0.6199631690979004 0.6077399253845215 0.6263260841369629 0.6500759124755859 0.6399619579315186 0.6314499378204346 0.6359121799468994 0.5961108207702637 0.7110681533813477 0.6427459716796875 0.6494739055633545 0.6522650718688965 0.6723439693450928


