# Created by Octave 4.2.2, Tue Jun 21 17:56:10 2022 CEST <rb271257@is154093>
# name: results_Runs
# type: matrix
# rows: 3
# columns: 39
 1 2 3 4 5 6 7 8 9 10 11 12 13 14 15 16 17 18 19 20 21 22 23 24 25 26 27 28 29 30 31 32 33 34 35 36 37 38 39
 3.257702112197876 3.80530834197998 4.344552278518677 4.978330135345459 5.581424236297607 6.210205316543579 6.801336288452148 7.434484243392944 8.028960227966309 8.593114137649536 9.231971263885498 9.836956262588501 10.48708724975586 11.04017424583435 11.64826130867004 12.26291012763977 12.77809619903564 13.40690732002258 14.00113034248352 14.60740518569946 15.24710011482239 15.87691712379456 16.42619514465332 17.05283713340759 17.62290215492249 18.2352991104126 18.88614511489868 19.43329811096191 20.05109524726868 20.65794920921326 21.21558618545532 21.83928322792053 22.39202332496643 23.04822826385498 23.70714116096497 24.28126215934753 24.83962726593018 25.46889114379883 26.12220931053162
 0 0.5476062297821045 0.5392439365386963 0.6337778568267822 0.6030941009521484 0.6287810802459717 0.5911309719085693 0.6331479549407959 0.5944759845733643 0.5641539096832275 0.6388571262359619 0.6049849987030029 0.6501309871673584 0.5530869960784912 0.6080870628356934 0.6146488189697266 0.515186071395874 0.6288111209869385 0.5942230224609375 0.6062748432159424 0.6396949291229248 0.629817008972168 0.5492780208587646 0.6266419887542725 0.5700650215148926 0.6123969554901123 0.650846004486084 0.5471529960632324 0.6177971363067627 0.6068539619445801 0.5576369762420654 0.62369704246521 0.5527400970458984 0.6562049388885498 0.6589128971099854 0.5741209983825684 0.5583651065826416 0.6292638778686523 0.6533181667327881


