# Created by Octave 4.2.2, Thu Jun 16 17:06:06 2022 CEST <rb271257@is154093>
# name: results_Runs
# type: matrix
# rows: 3
# columns: 36
 1 2 3 4 5 6 7 8 9 10 11 12 13 14 15 16 17 18 19 20 21 22 23 24 25 26 27 28 29 30 31 32 33 34 35 36
 5.952727794647217 6.4090256690979 6.996488809585571 7.600457668304443 8.169854640960693 8.747207641601562 9.355181694030762 9.924442768096924 10.50245070457458 11.11582064628601 11.7528817653656 12.26553869247437 12.86974668502808 13.49970483779907 14.10075163841248 14.6683177947998 15.17622971534729 15.78771877288818 16.42431664466858 17.0044367313385 17.63526773452759 18.24268674850464 18.83820772171021 19.40241575241089 20.02967381477356 20.63954281806946 21.41722178459167 22.00514268875122 22.71735882759094 23.29725384712219 23.87085676193237 24.44030785560608 25.03927874565125 25.5672607421875 26.24554181098938 27.50702881813049
 0 0.4562978744506836 0.5874631404876709 0.6039688587188721 0.56939697265625 0.5773530006408691 0.6079740524291992 0.5692610740661621 0.5780079364776611 0.6133699417114258 0.6370611190795898 0.5126569271087646 0.6042079925537109 0.6299581527709961 0.6010468006134033 0.5675661563873291 0.5079119205474854 0.6114890575408936 0.6365978717803955 0.5801200866699219 0.6308310031890869 0.6074190139770508 0.5955209732055664 0.5642080307006836 0.6272580623626709 0.6098690032958984 0.7776789665222168 0.5879209041595459 0.7122161388397217 0.57989501953125 0.5736029148101807 0.5694510936737061 0.598970890045166 0.5279819965362549 0.6782810688018799 1.261487007141113


