# Created by Octave 4.2.2, Thu Jun 16 10:44:41 2022 CEST <rb271257@is154093>
# name: results_Runs
# type: matrix
# rows: 3
# columns: 38
 1 2 3 4 5 6 7 8 9 10 11 12 13 14 15 16 17 18 19 20 21 22 23 24 25 26 27 28 29 30 31 32 33 34 35 36 37 38
 6.402874231338501 7.014540195465088 7.606327295303345 8.19846510887146 8.786273241043091 9.36212420463562 9.971839189529419 10.56763529777527 11.16097617149353 11.72821426391602 12.29336309432983 12.86581325531006 13.47320628166199 14.09445524215698 14.62776327133179 15.24243021011353 15.8065402507782 16.40180826187134 17.02452611923218 17.58987832069397 18.22099018096924 18.84245419502258 19.50372123718262 20.11456418037415 20.71671414375305 21.34989023208618 21.99884629249573 22.63690829277039 23.26172924041748 23.93347716331482 24.5883641242981 25.25420522689819 25.91058731079102 26.56124830245972 27.20131325721741 27.87427616119385 28.5049421787262 29.12589120864868
 0 0.6116659641265869 0.5917870998382568 0.5921378135681152 0.5878081321716309 0.5758509635925293 0.6097149848937988 0.5957961082458496 0.5933408737182617 0.5672380924224854 0.5651488304138184 0.5724501609802246 0.6073930263519287 0.6212489604949951 0.5333080291748047 0.6146669387817383 0.5641100406646729 0.5952680110931396 0.6227178573608398 0.565352201461792 0.6311118602752686 0.6214640140533447 0.6612670421600342 0.6108429431915283 0.6021499633789062 0.6331760883331299 0.6489560604095459 0.6380620002746582 0.6248209476470947 0.6717479228973389 0.6548869609832764 0.6658411026000977 0.6563820838928223 0.6506609916687012 0.6400649547576904 0.6729629039764404 0.6306660175323486 0.6209490299224854


