# Created by Octave 4.2.2, Thu Jun 16 11:42:36 2022 CEST <rb271257@is154093>
# name: results_Runs
# type: matrix
# rows: 3
# columns: 40
 1 2 3 4 5 6 7 8 9 10 11 12 13 14 15 16 17 18 19 20 21 22 23 24 25 26 27 28 29 30 31 32 33 34 35 36 37 38 39 40
 5.954878807067871 6.382631778717041 6.958549737930298 7.570196628570557 8.163067817687988 8.755571842193604 9.344087839126587 9.921840667724609 10.52734661102295 11.09819674491882 11.69849967956543 12.3051016330719 12.89527869224548 13.46581363677979 14.0088107585907 14.58904981613159 15.17494964599609 15.81307363510132 16.41955471038818 17.00563478469849 17.58074283599854 18.22416162490845 18.85857176780701 19.46320176124573 20.05795168876648 20.67757177352905 21.32758069038391 21.94038367271423 22.53707766532898 23.15558171272278 23.74634075164795 24.35423469543457 24.92728662490845 25.48351979255676 26.04552865028381 26.69996380805969 27.30315780639648 27.93012380599976 28.55647277832031 29.15085768699646
 0 0.4277529716491699 0.5759179592132568 0.6116468906402588 0.5928711891174316 0.5925040245056152 0.5885159969329834 0.5777528285980225 0.6055059432983398 0.570850133895874 0.6003029346466064 0.6066019535064697 0.590177059173584 0.5705349445343018 0.5429971218109131 0.5802390575408936 0.585899829864502 0.6381239891052246 0.6064810752868652 0.5860800743103027 0.5751080513000488 0.6434187889099121 0.6344101428985596 0.6046299934387207 0.594749927520752 0.6196200847625732 0.6500089168548584 0.6128029823303223 0.5966939926147461 0.6185040473937988 0.5907590389251709 0.6078939437866211 0.573051929473877 0.5562331676483154 0.5620088577270508 0.6544351577758789 0.603193998336792 0.6269659996032715 0.6263489723205566 0.5943849086761475


