# Created by Octave 4.2.2, Tue Jun 21 17:57:39 2022 CEST <rb271257@is154093>
# name: results_Runs
# type: matrix
# rows: 3
# columns: 39
 1 2 3 4 5 6 7 8 9 10 11 12 13 14 15 16 17 18 19 20 21 22 23 24 25 26 27 28 29 30 31 32 33 34 35 36 37 38 39
 3.261049032211304 3.904877185821533 4.533192157745361 5.101574182510376 5.711182117462158 6.384131193161011 7.000774145126343 7.601908206939697 8.133090019226074 8.705796003341675 9.308019161224365 9.942064046859741 10.49532604217529 11.10802006721497 11.7365710735321 12.32394099235535 12.83397817611694 13.40310001373291 13.98743319511414 14.662682056427 15.28845405578613 15.86724019050598 16.41860508918762 16.99585700035095 17.74080014228821 18.34858798980713 18.96706318855286 19.58057403564453 20.1571991443634 20.78534603118896 21.39346718788147 22.09594798088074 22.72272419929504 23.30324602127075 23.89832401275635 24.48863506317139 25.08063507080078 25.67820119857788 26.24305820465088
 0 0.6438281536102295 0.6283149719238281 0.5683820247650146 0.6096079349517822 0.6729490756988525 0.616642951965332 0.6011340618133545 0.531181812286377 0.5727059841156006 0.6022231578826904 0.634044885635376 0.5532619953155518 0.6126940250396729 0.6285510063171387 0.5873699188232422 0.5100371837615967 0.5691218376159668 0.5843331813812256 0.6752488613128662 0.6257719993591309 0.5787861347198486 0.5513648986816406 0.5772519111633301 0.7449431419372559 0.6077878475189209 0.6184751987457275 0.6135108470916748 0.5766251087188721 0.6281468868255615 0.6081211566925049 0.7024807929992676 0.6267762184143066 0.580521821975708 0.5950779914855957 0.5903110504150391 0.5920000076293945 0.5975661277770996 0.564857006072998


