# Created by Octave 4.2.2, Thu Jun 16 11:43:40 2022 CEST <rb271257@is154093>
# name: results_Runs
# type: matrix
# rows: 3
# columns: 40
 1 2 3 4 5 6 7 8 9 10 11 12 13 14 15 16 17 18 19 20 21 22 23 24 25 26 27 28 29 30 31 32 33 34 35 36 37 38 39 40
 5.94926643371582 6.428501605987549 6.998708486557007 7.60701847076416 8.155344486236572 8.749449491500854 9.329520463943481 9.911359548568726 10.5374584197998 11.10540246963501 11.6880955696106 12.30921840667725 12.90886044502258 13.51710438728333 14.10029339790344 14.67291951179504 15.26267957687378 15.86131453514099 16.39781951904297 17.03063559532166 17.56186461448669 18.19870638847351 18.79824638366699 19.45954346656799 20.00162959098816 20.6583845615387 21.2920606136322 21.89910340309143 22.51864838600159 23.1848475933075 23.79971241950989 24.40664839744568 24.97109746932983 25.54231452941895 26.17765140533447 26.78184938430786 27.41808152198792 28.08633255958557 28.69892549514771 29.28267240524292
 0 0.4792351722717285 0.570206880569458 0.6083099842071533 0.5483260154724121 0.5941050052642822 0.580070972442627 0.5818390846252441 0.6260988712310791 0.5679440498352051 0.5826930999755859 0.6211228370666504 0.5996420383453369 0.6082439422607422 0.5831890106201172 0.5726261138916016 0.5897600650787354 0.5986349582672119 0.5365049839019775 0.6328160762786865 0.5312290191650391 0.6368417739868164 0.5995399951934814 0.661297082901001 0.542086124420166 0.6567549705505371 0.6336760520935059 0.6070427894592285 0.6195449829101562 0.6661992073059082 0.6148648262023926 0.606935977935791 0.5644490718841553 0.5712170600891113 0.6353368759155273 0.6041979789733887 0.6362321376800537 0.6682510375976562 0.6125929355621338 0.5837469100952148


