# Created by Octave 4.2.2, Tue Jun 21 17:54:02 2022 CEST <rb271257@is154093>
# name: results_Runs
# type: matrix
# rows: 3
# columns: 39
 1 2 3 4 5 6 7 8 9 10 11 12 13 14 15 16 17 18 19 20 21 22 23 24 25 26 27 28 29 30 31 32 33 34 35 36 37 38 39
 3.585293054580688 4.047828912734985 4.584579944610596 5.177972078323364 5.740355014801025 6.315062046051025 6.92841911315918 7.536314010620117 8.113111972808838 8.701224088668823 9.285603046417236 9.890476942062378 10.47447490692139 11.05896997451782 11.65905404090881 12.29943895339966 12.84680390357971 13.41731905937195 14.00193095207214 14.55701804161072 15.24169898033142 15.89267110824585 16.44758701324463 17.03157711029053 17.61888098716736 18.23994493484497 18.80564594268799 19.41652989387512 19.98931503295898 20.57515597343445 21.12044191360474 21.72945094108582 22.27345395088196 22.89389896392822 23.43824791908264 24.09280300140381 24.75296306610107 25.31959509849548 25.87547397613525
 0 0.4625358581542969 0.5367510318756104 0.5933921337127686 0.5623829364776611 0.57470703125 0.6133570671081543 0.6078948974609375 0.5767979621887207 0.5881121158599854 0.5843789577484131 0.6048738956451416 0.5839979648590088 0.5844950675964355 0.6000840663909912 0.6403849124908447 0.5473649501800537 0.5705151557922363 0.5846118927001953 0.5550870895385742 0.6846809387207031 0.6509721279144287 0.5549159049987793 0.5839900970458984 0.5873038768768311 0.6210639476776123 0.5657010078430176 0.6108839511871338 0.5727851390838623 0.5858409404754639 0.5452859401702881 0.6090090274810791 0.5440030097961426 0.6204450130462646 0.5443489551544189 0.654555082321167 0.6601600646972656 0.5666320323944092 0.5558788776397705


