# Created by Octave 4.2.2, Thu Jun 16 11:13:50 2022 CEST <rb271257@is154093>
# name: results_Runs
# type: matrix
# rows: 3
# columns: 39
 1 2 3 4 5 6 7 8 9 10 11 12 13 14 15 16 17 18 19 20 21 22 23 24 25 26 27 28 29 30 31 32 33 34 35 36 37 38 39
 5.947713375091553 6.433368444442749 6.995187520980835 7.600803375244141 8.17476749420166 8.76576042175293 9.353933572769165 9.927504539489746 10.51051235198975 11.13389158248901 11.68628239631653 12.27578043937683 12.88181042671204 13.46646356582642 14.05063247680664 14.67349338531494 15.26095938682556 15.86144852638245 16.42056441307068 17.04621839523315 17.61238050460815 18.26000547409058 18.88922548294067 19.48913645744324 20.10218548774719 20.7238335609436 21.28973245620728 21.94481253623962 22.57515740394592 23.23997855186462 23.8344144821167 24.4673445224762 25.0701265335083 25.6956033706665 26.31165146827698 26.93452954292297 27.51150941848755 28.15412950515747 28.75032639503479
 0 0.4856550693511963 0.5618190765380859 0.6056158542633057 0.5739641189575195 0.5909929275512695 0.5881731510162354 0.5735709667205811 0.5830078125 0.6233792304992676 0.5523908138275146 0.5894980430603027 0.6060299873352051 0.5846531391143799 0.5841689109802246 0.6228609085083008 0.5874660015106201 0.6004891395568848 0.5591158866882324 0.6256539821624756 0.566162109375 0.6476249694824219 0.6292200088500977 0.5999109745025635 0.6130490303039551 0.6216480731964111 0.5658988952636719 0.6550800800323486 0.6303448677062988 0.6648211479187012 0.5944359302520752 0.6329300403594971 0.6027820110321045 0.6254768371582031 0.6160480976104736 0.6228780746459961 0.5769798755645752 0.6426200866699219 0.5961968898773193


