# Created by Octave 4.2.2, Thu Jun 16 11:43:08 2022 CEST <rb271257@is154093>
# name: results_Runs
# type: matrix
# rows: 3
# columns: 40
 1 2 3 4 5 6 7 8 9 10 11 12 13 14 15 16 17 18 19 20 21 22 23 24 25 26 27 28 29 30 31 32 33 34 35 36 37 38 39 40
 5.94886326789856 6.4239182472229 6.99133825302124 7.566732168197632 8.131540298461914 8.69195818901062 9.314186096191406 9.895346164703369 10.46956610679626 11.10123610496521 11.68137526512146 12.24396824836731 12.83472728729248 13.43207621574402 14.04433917999268 14.64073324203491 15.20092725753784 15.82145810127258 16.38487315177917 16.95276117324829 17.54769515991211 18.2033212184906 18.79868412017822 19.42026519775391 20.01118230819702 20.65854716300964 21.22985219955444 21.84951615333557 22.44728922843933 23.09399509429932 23.74004220962524 24.33261823654175 24.92657113075256 25.54672312736511 26.18279910087585 26.74425721168518 27.34848713874817 27.98060727119446 28.60885119438171 29.24058723449707
 0 0.4750549793243408 0.5674200057983398 0.5753939151763916 0.5648081302642822 0.5604178905487061 0.6222279071807861 0.5811600685119629 0.5742199420928955 0.6316699981689453 0.58013916015625 0.5625929832458496 0.5907590389251709 0.5973489284515381 0.6122629642486572 0.5963940620422363 0.5601940155029297 0.6205308437347412 0.5634150505065918 0.5678880214691162 0.5949339866638184 0.6556260585784912 0.5953629016876221 0.6215810775756836 0.5909171104431152 0.6473648548126221 0.5713050365447998 0.6196639537811279 0.5977730751037598 0.6467058658599854 0.6460471153259277 0.5925760269165039 0.5939528942108154 0.6201519966125488 0.6360759735107422 0.5614581108093262 0.6042299270629883 0.6321201324462891 0.6282439231872559 0.6317360401153564


