# Created by Octave 4.2.2, Thu Jun 16 17:21:59 2022 CEST <rb271257@is154093>
# name: results_Runs
# type: matrix
# rows: 3
# columns: 41
 1 2 3 4 5 6 7 8 9 10 11 12 13 14 15 16 17 18 19 20 21 22 23 24 25 26 27 28 29 30 31 32 33 34 35 36 37 38 39 40 41
 5.947602272033691 6.437971353530884 7.023750305175781 7.587980270385742 8.173238277435303 8.795678377151489 9.374452352523804 9.968360185623169 10.60572624206543 11.1659882068634 11.77617335319519 12.35335922241211 12.94161128997803 13.52139520645142 14.09600925445557 14.69199323654175 15.28761029243469 15.85007238388062 16.44403529167175 17.01704931259155 17.62396335601807 18.26801323890686 18.83802723884583 19.40313315391541 19.96023225784302 20.51084733009338 21.10005235671997 21.68298721313477 22.27297234535217 22.83884024620056 23.41437816619873 23.98444819450378 24.59462118148804 25.15198636054993 25.72571420669556 26.28925538063049 26.90227723121643 27.49652624130249 28.05273032188416 28.62902021408081 29.1962251663208
 0 0.4903690814971924 0.5857789516448975 0.5642299652099609 0.5852580070495605 0.6224400997161865 0.5787739753723145 0.5939078330993652 0.6373660564422607 0.5602619647979736 0.6101851463317871 0.5771858692169189 0.588252067565918 0.5797839164733887 0.5746140480041504 0.5959839820861816 0.5956170558929443 0.5624620914459229 0.5939629077911377 0.5730140209197998 0.6069140434265137 0.6440498828887939 0.5700139999389648 0.5651059150695801 0.5570991039276123 0.5506150722503662 0.5892050266265869 0.5829348564147949 0.5899851322174072 0.5658679008483887 0.5755379199981689 0.5700700283050537 0.6101729869842529 0.5573651790618896 0.5737278461456299 0.5635411739349365 0.6130218505859375 0.5942490100860596 0.556204080581665 0.5762898921966553 0.5672049522399902


