# Created by Octave 4.2.2, Thu Jun 16 09:27:13 2022 CEST <rb271257@is154093>
# name: results_Runs
# type: matrix
# rows: 3
# columns: 39
 1 2 3 4 5 6 7 8 9 10 11 12 13 14 15 16 17 18 19 20 21 22 23 24 25 26 27 28 29 30 31 32 33 34 35 36 37 38 39
 6.424139738082886 7.022693634033203 7.618615627288818 8.184359550476074 8.771807670593262 9.339910745620728 9.947164535522461 10.54423666000366 11.09169268608093 11.66776561737061 12.26730465888977 12.84140157699585 13.45659852027893 14.05971574783325 14.63765263557434 15.23085856437683 15.82481956481934 16.44698452949524 17.00995063781738 17.61533570289612 18.26750469207764 18.87785673141479 19.44596552848816 20.02084875106812 20.65842056274414 21.24980163574219 21.85418057441711 22.43007659912109 23.07098865509033 23.66803860664368 24.31152367591858 24.92017364501953 25.55805969238281 26.22699356079102 26.78818655014038 27.42276072502136 28.09674167633057 28.70859360694885 29.32691359519958
 0 0.5985538959503174 0.5959219932556152 0.5657439231872559 0.5874481201171875 0.5681030750274658 0.6072537899017334 0.5970721244812012 0.5474560260772705 0.5760729312896729 0.599539041519165 0.5740969181060791 0.6151969432830811 0.6031172275543213 0.5779368877410889 0.5932059288024902 0.5939610004425049 0.6221649646759033 0.5629661083221436 0.6053850650787354 0.6521689891815186 0.6103520393371582 0.5681087970733643 0.5748832225799561 0.6375718116760254 0.5913810729980469 0.6043789386749268 0.5758960247039795 0.6409120559692383 0.5970499515533447 0.6434850692749023 0.6086499691009521 0.6378860473632812 0.6689338684082031 0.5611929893493652 0.6345741748809814 0.6739809513092041 0.6118519306182861 0.6183199882507324


