# Created by Octave 4.2.2, Thu Jun 16 17:23:03 2022 CEST <rb271257@is154093>
# name: results_Runs
# type: matrix
# rows: 3
# columns: 40
 1 2 3 4 5 6 7 8 9 10 11 12 13 14 15 16 17 18 19 20 21 22 23 24 25 26 27 28 29 30 31 32 33 34 35 36 37 38 39 40
 5.955041885375977 6.451878070831299 7.031389951705933 7.602535009384155 8.201207876205444 8.807857036590576 9.364454030990601 9.96567702293396 10.55248785018921 11.16816806793213 11.77411103248596 12.3251039981842 12.91402506828308 13.48927593231201 14.17764806747437 14.69150495529175 15.31302189826965 15.88791394233704 16.41741299629211 17.04687690734863 17.60237789154053 18.26129698753357 18.84084892272949 19.41923093795776 20.01902604103088 20.64596390724182 21.31560206413269 21.90587902069092 22.50214886665344 23.06989502906799 23.70928406715393 24.25698590278625 24.85675692558289 25.43141388893127 26.00187087059021 26.60357785224915 27.17921686172485 27.78056192398071 28.33053588867188 28.93049001693726
 0 0.4968361854553223 0.5795118808746338 0.5711450576782227 0.5986728668212891 0.6066491603851318 0.5565969944000244 0.6012229919433594 0.586810827255249 0.6156802177429199 0.605942964553833 0.5509929656982422 0.588921070098877 0.5752508640289307 0.6883721351623535 0.5138568878173828 0.6215169429779053 0.5748920440673828 0.5294990539550781 0.6294639110565186 0.5555009841918945 0.658919095993042 0.5795519351959229 0.5783820152282715 0.5997951030731201 0.6269378662109375 0.6696381568908691 0.5902769565582275 0.5962698459625244 0.5677461624145508 0.6393890380859375 0.5477018356323242 0.5997710227966309 0.5746569633483887 0.5704569816589355 0.6017069816589355 0.575639009475708 0.6013450622558594 0.5499739646911621 0.5999541282653809


