# Created by Octave 4.2.2, Thu Jun 16 17:23:35 2022 CEST <rb271257@is154093>
# name: results_Runs
# type: matrix
# rows: 3
# columns: 42
 1 2 3 4 5 6 7 8 9 10 11 12 13 14 15 16 17 18 19 20 21 22 23 24 25 26 27 28 29 30 31 32 33 34 35 36 37 38 39 40 41 42
 5.951236248016357 6.498695373535156 7.035866260528564 7.606166362762451 8.21243143081665 8.805779218673706 9.40419340133667 9.996376276016235 10.54829621315002 11.18608236312866 11.73562431335449 12.3053503036499 12.93682241439819 13.46117544174194 14.09018540382385 14.65974736213684 15.23526525497437 15.84384322166443 16.46814632415771 17.03811526298523 17.53043723106384 18.19762420654297 18.76771330833435 19.31658434867859 19.91093134880066 20.49362635612488 21.05778527259827 21.66301441192627 22.1797342300415 22.72177338600159 23.26502323150635 23.79059743881226 24.32900428771973 24.90247321128845 25.47223734855652 26.05907535552979 26.57910943031311 27.16518521308899 27.72474431991577 28.27184629440308 28.82948541641235 29.37728524208069
 0 0.5474591255187988 0.5371708869934082 0.5703001022338867 0.6062650680541992 0.5933477878570557 0.5984141826629639 0.5921828746795654 0.5519199371337891 0.6377861499786377 0.5495419502258301 0.5697259902954102 0.631472110748291 0.52435302734375 0.6290099620819092 0.5695619583129883 0.5755178928375244 0.6085779666900635 0.6243031024932861 0.5699689388275146 0.4923219680786133 0.667186975479126 0.5700891017913818 0.5488710403442383 0.5943470001220703 0.5826950073242188 0.5641589164733887 0.6052291393280029 0.5167198181152344 0.542039155960083 0.5432498455047607 0.5255742073059082 0.5384068489074707 0.5734689235687256 0.5697641372680664 0.5868380069732666 0.5200340747833252 0.5860757827758789 0.5595591068267822 0.5471019744873047 0.5576391220092773 0.547799825668335


