# Created by Octave 4.2.2, Thu Jun 16 17:53:32 2022 CEST <rb271257@is154093>
# name: results_Runs
# type: matrix
# rows: 3
# columns: 41
 1 2 3 4 5 6 7 8 9 10 11 12 13 14 15 16 17 18 19 20 21 22 23 24 25 26 27 28 29 30 31 32 33 34 35 36 37 38 39 40 41
 5.947188854217529 6.470269680023193 7.03279185295105 7.628116846084595 8.189178705215454 8.787936687469482 9.397458791732788 9.94380784034729 10.52302885055542 11.11221289634705 11.65549278259277 12.29973173141479 12.87556171417236 13.49609780311584 14.12624883651733 14.66447782516479 15.21291184425354 15.79654479026794 16.40829873085022 16.9882378578186 17.58971571922302 18.19910979270935 18.79195284843445 19.3824508190155 19.94621467590332 20.52136373519897 21.10665583610535 21.65348076820374 22.18369674682617 22.78434777259827 23.32212376594543 23.93875789642334 24.52818369865417 25.12285685539246 25.67765474319458 26.2235267162323 26.78198170661926 27.33997774124146 27.90958380699158 28.44683074951172 28.96996378898621
 0 0.5230808258056641 0.5625221729278564 0.5953249931335449 0.5610618591308594 0.5987579822540283 0.6095221042633057 0.546349048614502 0.5792210102081299 0.589184045791626 0.5432798862457275 0.6442389488220215 0.5758299827575684 0.6205360889434814 0.6301510334014893 0.5382289886474609 0.5484340190887451 0.5836329460144043 0.6117539405822754 0.5799391269683838 0.6014778614044189 0.6093940734863281 0.5928430557250977 0.5904979705810547 0.5637638568878174 0.5751490592956543 0.5852921009063721 0.5468249320983887 0.5302159786224365 0.6006510257720947 0.537775993347168 0.6166341304779053 0.589425802230835 0.5946731567382812 0.554797887802124 0.5458719730377197 0.5584549903869629 0.5579960346221924 0.5696060657501221 0.5372469425201416 0.5231330394744873


