# Created by Octave 4.2.2, Thu Jun 16 16:19:00 2022 CEST <rb271257@is154093>
# name: results_Runs
# type: matrix
# rows: 3
# columns: 40
 1 2 3 4 5 6 7 8 9 10 11 12 13 14 15 16 17 18 19 20 21 22 23 24 25 26 27 28 29 30 31 32 33 34 35 36 37 38 39 40
 5.954287528991699 6.47163462638855 7.012373447418213 7.623798608779907 8.242834568023682 8.783803462982178 9.359410524368286 9.992251634597778 10.56464862823486 11.17815160751343 11.72813653945923 12.33001852035522 12.92983245849609 13.471848487854 14.06826758384705 14.69389057159424 15.26506662368774 15.83949255943298 16.4376654624939 17.08928656578064 17.6155104637146 18.25690054893494 18.81685948371887 19.48944854736328 20.09311842918396 20.72064542770386 21.30440044403076 21.91863059997559 22.54543948173523 23.16616344451904 23.8103985786438 24.41386461257935 24.98779058456421 25.56333255767822 26.15671157836914 26.7481734752655 27.33627653121948 27.93044352531433 28.50376844406128 29.07168054580688
 0 0.5173470973968506 0.5407388210296631 0.6114251613616943 0.6190359592437744 0.5409688949584961 0.5756070613861084 0.6328411102294922 0.572396993637085 0.6135029792785645 0.5499849319458008 0.6018819808959961 0.5998139381408691 0.5420160293579102 0.596419095993042 0.6256229877471924 0.5711760520935059 0.5744259357452393 0.5981729030609131 0.6516211032867432 0.52622389793396 0.6413900852203369 0.5599589347839355 0.6725890636444092 0.6036698818206787 0.6275269985198975 0.5837550163269043 0.6142301559448242 0.6268088817596436 0.6207239627838135 0.6442351341247559 0.6034660339355469 0.5739259719848633 0.5755419731140137 0.593379020690918 0.5914618968963623 0.5881030559539795 0.5941669940948486 0.5733249187469482 0.5679121017456055


