# Created by Octave 4.2.2, Thu Jun 16 16:21:43 2022 CEST <rb271257@is154093>
# name: results_Runs
# type: matrix
# rows: 3
# columns: 40
 1 2 3 4 5 6 7 8 9 10 11 12 13 14 15 16 17 18 19 20 21 22 23 24 25 26 27 28 29 30 31 32 33 34 35 36 37 38 39 40
 6.38957691192627 6.998614072799683 7.589179039001465 8.174186944961548 8.756556987762451 9.319727897644043 9.896516084671021 10.51988387107849 11.11542010307312 11.71779704093933 12.34049391746521 12.85219407081604 13.44968390464783 14.05205798149109 14.66782999038696 15.24005794525146 15.80982089042664 16.3858790397644 16.99793601036072 17.58433103561401 18.2026379108429 18.812912940979 19.35677289962769 19.90039992332458 20.50475096702576 21.10928201675415 21.68991088867188 22.28276109695435 22.83401489257812 23.38265895843506 23.95622992515564 24.50178909301758 25.06759190559387 25.6296648979187 26.1885678768158 26.80442190170288 27.35753893852234 27.89853692054749 28.45953989028931 29.05343508720398
 0 0.6090371608734131 0.5905649662017822 0.585007905960083 0.5823700428009033 0.5631709098815918 0.5767881870269775 0.6233677864074707 0.5955362319946289 0.6023769378662109 0.6226968765258789 0.5117001533508301 0.5974898338317871 0.6023740768432617 0.615772008895874 0.572227954864502 0.5697629451751709 0.5760581493377686 0.6120569705963135 0.5863950252532959 0.6183068752288818 0.6102750301361084 0.5438599586486816 0.5436270236968994 0.6043510437011719 0.6045310497283936 0.5806288719177246 0.5928502082824707 0.5512537956237793 0.5486440658569336 0.5735709667205811 0.5455591678619385 0.5658028125762939 0.5620729923248291 0.5589029788970947 0.615854024887085 0.553117036819458 0.5409979820251465 0.5610029697418213 0.5938951969146729


