# Created by Octave 4.2.2, Thu Jun 16 11:14:56 2022 CEST <rb271257@is154093>
# name: results_Runs
# type: matrix
# rows: 3
# columns: 39
 1 2 3 4 5 6 7 8 9 10 11 12 13 14 15 16 17 18 19 20 21 22 23 24 25 26 27 28 29 30 31 32 33 34 35 36 37 38 39
 6.429012537002563 7.05840539932251 7.641334533691406 8.239659547805786 8.786545515060425 9.37532639503479 9.979320526123047 10.56633949279785 11.13638353347778 11.75145244598389 12.32153058052063 12.94504046440125 13.48435950279236 14.05833959579468 14.64868760108948 15.28299856185913 15.85636448860168 16.4518415927887 17.03218960762024 17.64386653900146 18.31017661094666 18.91839361190796 19.52163338661194 20.13295555114746 20.74930953979492 21.43627738952637 22.03390645980835 22.62657856941223 23.23276448249817 23.83879947662354 24.46327638626099 25.04948353767395 25.65678358078003 26.26279044151306 26.9047544002533 27.55756855010986 28.14892745018005 28.77735257148743 29.39278960227966
 0 0.6293928623199463 0.5829291343688965 0.5983250141143799 0.5468859672546387 0.5887808799743652 0.6039941310882568 0.5870189666748047 0.5700440406799316 0.6150689125061035 0.5700781345367432 0.6235098838806152 0.5393190383911133 0.5739800930023193 0.5903480052947998 0.6343109607696533 0.5733659267425537 0.5954771041870117 0.580348014831543 0.6116769313812256 0.6663100719451904 0.6082170009613037 0.6032397747039795 0.6113221645355225 0.6163539886474609 0.6869678497314453 0.5976290702819824 0.5926721096038818 0.6061859130859375 0.6060349941253662 0.6244769096374512 0.5862071514129639 0.6073000431060791 0.6060068607330322 0.6419639587402344 0.6528141498565674 0.5913589000701904 0.628425121307373 0.6154370307922363


