# Created by Octave 4.2.2, Thu Jun 16 15:05:37 2022 CEST <rb271257@is154093>
# name: results_Training
# type: matrix
# rows: 3
# columns: 43
 1 2 3 4 5 6 7 8 9 10 11 12 13 14 15 16 17 18 19 20 21 22 23 24 25 26 27 28 29 30 31 32 33 34 35 36 37 38 39 40 41 42 43
 6.215745687484741 6.781884670257568 7.323107719421387 7.925643682479858 8.443897724151611 9.109479665756226 9.694425582885742 10.25392174720764 10.83375072479248 11.376624584198 11.97566270828247 12.53528666496277 13.13481163978577 13.71157360076904 14.36978769302368 14.94803071022034 15.52495956420898 16.10213470458984 16.72409868240356 17.27669358253479 18.03464865684509 18.55589365959167 19.09281969070435 19.69491958618164 20.20595359802246 20.7822105884552 21.36217570304871 21.89635062217712 22.48132658004761 23.05104064941406 23.56435966491699 24.07514262199402 24.63153553009033 25.15104866027832 25.66583871841431 26.15417766571045 26.64451670646667 27.13519358634949 27.62543773651123 28.11953067779541 28.63624668121338 29.14227652549744 29.66723656654358
 0 0.5661389827728271 0.5412230491638184 0.6025359630584717 0.5182540416717529 0.6655819416046143 0.5849459171295166 0.5594961643218994 0.5798289775848389 0.5428738594055176 0.5990381240844727 0.5596239566802979 0.599524974822998 0.5767619609832764 0.6582140922546387 0.5782430171966553 0.5769288539886475 0.5771751403808594 0.6219639778137207 0.5525949001312256 0.7579550743103027 0.521245002746582 0.5369260311126709 0.6020998954772949 0.5110340118408203 0.5762569904327393 0.5799651145935059 0.534174919128418 0.5849759578704834 0.5697140693664551 0.5133190155029297 0.5107829570770264 0.5563929080963135 0.5195131301879883 0.5147900581359863 0.4883389472961426 0.4903390407562256 0.4906768798828125 0.4902441501617432 0.4940929412841797 0.5167160034179688 0.5060298442840576 0.5249600410461426


