# Created by Octave 4.2.2, Thu Jun 16 10:09:25 2022 CEST <rb271257@is154093>
# name: results_Runs
# type: matrix
# rows: 3
# columns: 38
 1 2 3 4 5 6 7 8 9 10 11 12 13 14 15 16 17 18 19 20 21 22 23 24 25 26 27 28 29 30 31 32 33 34 35 36 37 38
 6.442812919616699 7.053382873535156 7.604835987091064 8.20744800567627 8.790658950805664 9.358630895614624 9.95924186706543 10.53771996498108 11.16319704055786 11.74225091934204 12.30452299118042 12.91670703887939 13.51252794265747 14.08731889724731 14.65413999557495 15.25363993644714 15.86169004440308 16.46539187431335 17.05334806442261 17.61483907699585 18.26832699775696 18.87615990638733 19.50914096832275 20.10976386070251 20.72998595237732 21.35211706161499 21.96143794059753 22.59458589553833 23.22956705093384 23.8613018989563 24.48340606689453 25.10510206222534 25.76708793640137 26.37775897979736 27.02708292007446 27.68665885925293 28.3664710521698 28.99146294593811
 0 0.610569953918457 0.5514531135559082 0.6026120185852051 0.5832109451293945 0.56797194480896 0.6006109714508057 0.5784780979156494 0.6254770755767822 0.5790538787841797 0.5622720718383789 0.6121840476989746 0.5958209037780762 0.5747909545898438 0.5668210983276367 0.5994999408721924 0.6080501079559326 0.6037018299102783 0.5879561901092529 0.5614910125732422 0.6534879207611084 0.6078329086303711 0.6329810619354248 0.6006228923797607 0.6202220916748047 0.6221311092376709 0.6093208789825439 0.6331479549407959 0.6349811553955078 0.6317348480224609 0.6221041679382324 0.6216959953308105 0.6619858741760254 0.6106710433959961 0.6493239402770996 0.6595759391784668 0.6798121929168701 0.6249918937683105


