# Created by Octave 4.2.2, Thu Jun 16 10:08:52 2022 CEST <rb271257@is154093>
# name: results_Runs
# type: matrix
# rows: 3
# columns: 38
 1 2 3 4 5 6 7 8 9 10 11 12 13 14 15 16 17 18 19 20 21 22 23 24 25 26 27 28 29 30 31 32 33 34 35 36 37 38
 6.475233316421509 7.062948226928711 7.626704216003418 8.183088302612305 8.777856111526489 9.358574151992798 9.967788219451904 10.55162930488586 11.14096117019653 11.72738814353943 12.30418729782104 12.89772033691406 13.50239729881287 14.06045031547546 14.65870428085327 15.23705315589905 15.84207725524902 16.43558812141418 17.00878024101257 17.62819933891296 18.28482413291931 18.90664029121399 19.50708317756653 20.07046627998352 20.65912628173828 21.2700343132019 21.9216251373291 22.55495929718018 23.19823932647705 23.81057214736938 24.40215015411377 25.03389430046082 25.69534111022949 26.35519123077393 27.0115532875061 27.64381432533264 28.32834315299988 28.93441915512085
 0 0.5877149105072021 0.563755989074707 0.5563840866088867 0.5947678089141846 0.5807180404663086 0.6092140674591064 0.58384108543396 0.5893318653106689 0.5864269733428955 0.5767991542816162 0.5935330390930176 0.6046769618988037 0.5580530166625977 0.5982539653778076 0.5783488750457764 0.6050240993499756 0.5935108661651611 0.5731921195983887 0.6194190979003906 0.6566247940063477 0.6218161582946777 0.6004428863525391 0.5633831024169922 0.5886600017547607 0.610908031463623 0.6515908241271973 0.6333341598510742 0.643280029296875 0.612332820892334 0.5915780067443848 0.6317441463470459 0.6614468097686768 0.6598501205444336 0.6563620567321777 0.6322610378265381 0.6845288276672363 0.6060760021209717


