# Created by Octave 4.2.2, Thu Jun 16 10:12:38 2022 CEST <rb271257@is154093>
# name: results_Runs
# type: matrix
# rows: 3
# columns: 38
 1 2 3 4 5 6 7 8 9 10 11 12 13 14 15 16 17 18 19 20 21 22 23 24 25 26 27 28 29 30 31 32 33 34 35 36 37 38
 6.415151834487915 7.003468751907349 7.569540739059448 8.154067754745483 8.719112634658813 9.351727724075317 9.928120613098145 10.52527070045471 11.12630367279053 11.71255970001221 12.30058765411377 12.90740180015564 13.47132062911987 14.05531573295593 14.65677261352539 15.22128081321716 15.84019374847412 16.42052268981934 16.99981164932251 17.60966563224792 18.2361147403717 18.87678980827332 19.47777676582336 20.12243580818176 20.73692178726196 21.37607574462891 22.00510263442993 22.63853669166565 23.26440763473511 23.93202781677246 24.54925274848938 25.17772960662842 25.75282979011536 26.39648079872131 27.0248167514801 27.6936366558075 28.2928466796875 28.91795372962952
 0 0.5883169174194336 0.5660719871520996 0.5845270156860352 0.5650448799133301 0.6326150894165039 0.5763928890228271 0.5971500873565674 0.6010329723358154 0.5862560272216797 0.5880279541015625 0.6068141460418701 0.5639188289642334 0.5839951038360596 0.601456880569458 0.5645081996917725 0.618912935256958 0.5803289413452148 0.5792889595031738 0.609853982925415 0.6264491081237793 0.6406750679016113 0.6009869575500488 0.6446590423583984 0.6144859790802002 0.6391539573669434 0.6290268898010254 0.6334340572357178 0.625870943069458 0.6676201820373535 0.6172249317169189 0.6284768581390381 0.5751001834869385 0.643651008605957 0.6283359527587891 0.6688199043273926 0.5992100238800049 0.6251070499420166


