# Created by Octave 4.2.2, Thu Jun 16 10:14:18 2022 CEST <rb271257@is154093>
# name: results_Runs
# type: matrix
# rows: 3
# columns: 38
 1 2 3 4 5 6 7 8 9 10 11 12 13 14 15 16 17 18 19 20 21 22 23 24 25 26 27 28 29 30 31 32 33 34 35 36 37 38
 7.2099289894104 7.621535062789917 8.156919956207275 8.746313095092773 9.350569009780884 9.938894033432007 10.51310205459595 11.12509298324585 11.69591307640076 12.27482390403748 12.87675189971924 13.45020294189453 14.04307293891907 14.62503790855408 15.22387409210205 15.83824300765991 16.42634105682373 16.98409295082092 17.60164308547974 18.20285391807556 18.86457800865173 19.54022693634033 20.16036105155945 20.80319786071777 21.40089702606201 22.07287502288818 22.69358086585999 23.29290008544922 23.90291786193848 24.48397707939148 25.09224104881287 25.69849491119385 26.29053688049316 26.93360304832458 27.52662491798401 28.13024187088013 28.74251103401184 29.37933707237244
 0 0.4116060733795166 0.5353848934173584 0.589393138885498 0.6042559146881104 0.588325023651123 0.5742080211639404 0.6119909286499023 0.5708200931549072 0.5789108276367188 0.6019279956817627 0.573451042175293 0.5928699970245361 0.5819649696350098 0.5988361835479736 0.6143689155578613 0.5880980491638184 0.5577518939971924 0.6175501346588135 0.6012108325958252 0.6617240905761719 0.6756489276885986 0.6201341152191162 0.6428368091583252 0.5976991653442383 0.6719779968261719 0.6207058429718018 0.5993192195892334 0.6100177764892578 0.5810592174530029 0.6082639694213867 0.6062538623809814 0.5920419692993164 0.6430661678314209 0.5930218696594238 0.6036169528961182 0.6122691631317139 0.6368260383605957


