# Created by Octave 4.2.2, Thu Jun 16 11:15:29 2022 CEST <rb271257@is154093>
# name: results_Runs
# type: matrix
# rows: 3
# columns: 40
 1 2 3 4 5 6 7 8 9 10 11 12 13 14 15 16 17 18 19 20 21 22 23 24 25 26 27 28 29 30 31 32 33 34 35 36 37 38 39 40
 5.951745510101318 6.45633864402771 7.033983469009399 7.638394594192505 8.237173557281494 8.790170669555664 9.376694440841675 10.00044345855713 10.55216145515442 11.15237259864807 11.74065256118774 12.31198859214783 12.90481162071228 13.51893162727356 14.07306551933289 14.664630651474 15.24009847640991 15.84808659553528 16.4568874835968 17.05019855499268 17.61000561714172 18.23344659805298 18.86741065979004 19.44117856025696 20.07032752037048 20.66321349143982 21.29649066925049 21.87754845619202 22.4424455165863 23.03340744972229 23.64515566825867 24.25359654426575 24.84058856964111 25.45792245864868 26.07137656211853 26.68291759490967 27.2860164642334 27.89354944229126 28.53756046295166 29.14394545555115
 0 0.5045931339263916 0.5776448249816895 0.6044111251831055 0.5987789630889893 0.5529971122741699 0.5865237712860107 0.6237490177154541 0.55171799659729 0.6002111434936523 0.5882799625396729 0.571336030960083 0.5928230285644531 0.6141200065612793 0.5541338920593262 0.5915651321411133 0.5754678249359131 0.6079881191253662 0.6088008880615234 0.593311071395874 0.5598070621490479 0.6234409809112549 0.6339640617370605 0.5737679004669189 0.6291489601135254 0.5928859710693359 0.6332771778106689 0.5810577869415283 0.5648970603942871 0.5909619331359863 0.611748218536377 0.6084408760070801 0.5869920253753662 0.6173338890075684 0.6134541034698486 0.6115410327911377 0.6030988693237305 0.6075329780578613 0.6440110206604004 0.6063849925994873


