# Created by Octave 4.2.2, Thu Jun 16 17:03:54 2022 CEST <rb271257@is154093>
# name: results_Runs
# type: matrix
# rows: 3
# columns: 41
 1 2 3 4 5 6 7 8 9 10 11 12 13 14 15 16 17 18 19 20 21 22 23 24 25 26 27 28 29 30 31 32 33 34 35 36 37 38 39 40 41
 5.948794841766357 6.391341924667358 6.919736862182617 7.572671890258789 8.134083032608032 8.753818035125732 9.3561110496521 9.934157848358154 10.52455592155457 11.14043498039246 11.71652007102966 12.33384704589844 12.89589595794678 13.46164703369141 14.06711292266846 14.65582990646362 15.23343396186829 15.83006906509399 16.43154001235962 17.00479602813721 17.62515306472778 18.27707886695862 18.84626293182373 19.46197605133057 20.07104992866516 20.65753698348999 21.2234799861908 21.75230097770691 22.33623194694519 23.00901889801025 23.59514689445496 24.14098596572876 24.70704793930054 25.25289106369019 25.84276700019836 26.39132905006409 26.94783186912537 27.47172403335571 28.13544106483459 28.69540286064148 29.23226094245911
 0 0.442547082901001 0.5283949375152588 0.6529350280761719 0.5614111423492432 0.6197350025177002 0.6022930145263672 0.5780467987060547 0.5903980731964111 0.6158790588378906 0.576085090637207 0.6173269748687744 0.5620489120483398 0.5657510757446289 0.6054658889770508 0.588716983795166 0.5776040554046631 0.596635103225708 0.601470947265625 0.5732560157775879 0.6203570365905762 0.651925802230835 0.5691840648651123 0.6157131195068359 0.6090738773345947 0.5864870548248291 0.5659430027008057 0.5288209915161133 0.5839309692382812 0.6727869510650635 0.5861279964447021 0.5458390712738037 0.5660619735717773 0.5458431243896484 0.5898759365081787 0.5485620498657227 0.5565028190612793 0.5238921642303467 0.6637170314788818 0.5599617958068848 0.536858081817627


