# Created by Octave 4.2.2, Thu Jun 16 15:08:37 2022 CEST <rb271257@is154093>
# name: results_Runs
# type: matrix
# rows: 3
# columns: 40
 1 2 3 4 5 6 7 8 9 10 11 12 13 14 15 16 17 18 19 20 21 22 23 24 25 26 27 28 29 30 31 32 33 34 35 36 37 38 39 40
 6.378299713134766 6.99041485786438 7.581052780151367 8.177534818649292 8.72657585144043 9.320637702941895 9.931586742401123 10.47128868103027 11.03749680519104 11.60211181640625 12.20478677749634 12.76382780075073 13.32941770553589 13.89466786384583 14.46735978126526 15.07031774520874 15.61290788650513 16.23346376419067 16.84885787963867 17.4371178150177 18.00432467460632 18.59465885162354 19.15646886825562 19.7976667881012 20.35080766677856 20.97673368453979 21.56101870536804 22.09313488006592 22.6926257610321 23.27947282791138 23.86135768890381 24.43469166755676 24.99118375778198 25.56426668167114 26.13254284858704 26.70155477523804 27.2611358165741 27.82553768157959 28.39909887313843 28.99516367912292
 0 0.6121151447296143 0.5906379222869873 0.5964820384979248 0.5490410327911377 0.5940618515014648 0.6109490394592285 0.5397019386291504 0.5662081241607666 0.56461501121521 0.6026749610900879 0.5590410232543945 0.5655899047851562 0.5652501583099365 0.5726919174194336 0.6029579639434814 0.5425901412963867 0.6205558776855469 0.615394115447998 0.5882599353790283 0.567206859588623 0.5903341770172119 0.5618100166320801 0.6411979198455811 0.5531408786773682 0.6259260177612305 0.5842850208282471 0.532116174697876 0.5994908809661865 0.5868470668792725 0.5818848609924316 0.5733339786529541 0.5564920902252197 0.5730829238891602 0.5682761669158936 0.569011926651001 0.5595810413360596 0.5644018650054932 0.5735611915588379 0.5960648059844971


