# Created by Octave 4.2.2, Thu Jun 16 15:06:23 2022 CEST <rb271257@is154093>
# name: results_Runs
# type: matrix
# rows: 3
# columns: 41
 1 2 3 4 5 6 7 8 9 10 11 12 13 14 15 16 17 18 19 20 21 22 23 24 25 26 27 28 29 30 31 32 33 34 35 36 37 38 39 40 41
 6.382522583007812 6.960529565811157 7.535718679428101 8.140165567398071 8.742538690567017 9.29294753074646 9.806274652481079 10.45157957077026 11.06406259536743 11.65420866012573 12.24514055252075 12.78386259078979 13.36833167076111 13.98011064529419 14.52511763572693 15.08454561233521 15.67547154426575 16.25983452796936 16.82366967201233 17.41441059112549 17.96971368789673 18.54805970191956 19.14636063575745 19.74939560890198 20.2242956161499 20.85219264030457 21.45101165771484 21.98195648193359 22.55127358436584 23.10287570953369 23.68606758117676 24.18345165252686 24.72471451759338 25.33037567138672 25.87028861045837 26.38043165206909 26.93670248985291 27.41460847854614 28.00872159004211 28.59105253219604 29.15515661239624
 0 0.5780069828033447 0.5751891136169434 0.6044468879699707 0.6023731231689453 0.5504088401794434 0.5133271217346191 0.6453049182891846 0.612483024597168 0.5901460647583008 0.5909318923950195 0.538722038269043 0.5844690799713135 0.6117789745330811 0.5450069904327393 0.5594279766082764 0.590925931930542 0.5843629837036133 0.5638351440429688 0.5907409191131592 0.5553030967712402 0.5783460140228271 0.5983009338378906 0.6030349731445312 0.4749000072479248 0.6278970241546631 0.5988190174102783 0.53094482421875 0.569317102432251 0.5516021251678467 0.5831918716430664 0.4973840713500977 0.5412628650665283 0.605661153793335 0.5399129390716553 0.5101430416107178 0.5562708377838135 0.4779059886932373 0.5941131114959717 0.5823309421539307 0.5641040802001953


