# Created by Octave 4.2.2, Tue Jun 21 17:56:39 2022 CEST <rb271257@is154093>
# name: results_Runs
# type: matrix
# rows: 3
# columns: 39
 1 2 3 4 5 6 7 8 9 10 11 12 13 14 15 16 17 18 19 20 21 22 23 24 25 26 27 28 29 30 31 32 33 34 35 36 37 38 39
 3.379890203475952 3.998420238494873 4.553308248519897 5.149469137191772 5.721681356430054 6.372373342514038 6.975542306900024 7.526515245437622 8.121915340423584 8.715530157089233 9.265129327774048 9.853584289550781 10.44893717765808 11.09059715270996 11.61463117599487 12.20489525794983 12.80012822151184 13.37129426002502 13.97776913642883 14.5846221446991 15.2233293056488 15.81984329223633 16.46159315109253 17.05201935768127 17.5968451499939 18.22956228256226 18.87270426750183 19.49731636047363 20.09366726875305 20.69076633453369 21.32840514183044 21.89822220802307 22.47157835960388 23.06168723106384 23.70216035842896 24.33478617668152 24.9080171585083 25.58275818824768 26.22435736656189
 0 0.6185300350189209 0.5548880100250244 0.596160888671875 0.5722122192382812 0.6506919860839844 0.6031689643859863 0.5509729385375977 0.5954000949859619 0.5936148166656494 0.5495991706848145 0.5884549617767334 0.5953528881072998 0.6416599750518799 0.5240340232849121 0.5902640819549561 0.5952329635620117 0.5711660385131836 0.6064748764038086 0.6068530082702637 0.638707160949707 0.5965139865875244 0.6417498588562012 0.5904262065887451 0.5448257923126221 0.6327171325683594 0.6431419849395752 0.6246120929718018 0.5963509082794189 0.5970990657806396 0.6376388072967529 0.569817066192627 0.5733561515808105 0.5901088714599609 0.6404731273651123 0.6326258182525635 0.5732309818267822 0.6747410297393799 0.641599178314209


