# Created by Octave 4.2.2, Thu Jun 16 10:45:47 2022 CEST <rb271257@is154093>
# name: results_Runs
# type: matrix
# rows: 3
# columns: 38
 1 2 3 4 5 6 7 8 9 10 11 12 13 14 15 16 17 18 19 20 21 22 23 24 25 26 27 28 29 30 31 32 33 34 35 36 37 38
 6.455165863037109 7.038439035415649 7.61652398109436 8.22005295753479 8.796805858612061 9.404191970825195 9.970761060714722 10.56445789337158 11.16777086257935 11.75414395332336 12.34889101982117 12.91514492034912 13.52972197532654 14.09529590606689 14.6629159450531 15.25923705101013 15.85137796401978 16.40947008132935 17.02951502799988 17.5990149974823 18.28453493118286 18.91540789604187 19.56427907943726 20.20702695846558 20.87763500213623 21.52351498603821 22.16393399238586 22.81853795051575 23.46982097625732 24.10427498817444 24.74125003814697 25.38851594924927 26.03176403045654 26.65076303482056 27.34678506851196 27.98606991767883 28.61659693717957 29.23721194267273
 0 0.58327317237854 0.5780849456787109 0.6035289764404297 0.5767529010772705 0.6073861122131348 0.5665690898895264 0.5936968326568604 0.6033129692077637 0.5863730907440186 0.5947470664978027 0.5662539005279541 0.614577054977417 0.5655739307403564 0.5676200389862061 0.5963211059570312 0.5921409130096436 0.5580921173095703 0.6200449466705322 0.5694999694824219 0.6855199337005615 0.6308729648590088 0.6488711833953857 0.6427478790283203 0.6706080436706543 0.6458799839019775 0.6404190063476562 0.6546039581298828 0.6512830257415771 0.6344540119171143 0.6369750499725342 0.6472659111022949 0.6432480812072754 0.6189990043640137 0.6960220336914062 0.6392848491668701 0.6305270195007324 0.6206150054931641


