# Created by Octave 4.2.2, Thu Jun 16 16:21:11 2022 CEST <rb271257@is154093>
# name: results_Runs
# type: matrix
# rows: 3
# columns: 40
 1 2 3 4 5 6 7 8 9 10 11 12 13 14 15 16 17 18 19 20 21 22 23 24 25 26 27 28 29 30 31 32 33 34 35 36 37 38 39 40
 6.361239433288574 6.894764423370361 7.533288478851318 8.140036344528198 8.686382293701172 9.364985466003418 9.953247308731079 10.56837725639343 11.15159225463867 11.76194024085999 12.34169125556946 12.9462742805481 13.51097941398621 14.19522643089294 14.72025227546692 15.29095244407654 15.89936447143555 16.48929643630981 17.06239724159241 17.61893534660339 18.24757647514343 18.82799124717712 19.32754230499268 19.96312832832336 20.54209542274475 21.07934737205505 21.66244029998779 22.24896240234375 22.83295726776123 23.41829133033752 23.96536326408386 24.57911539077759 25.15515041351318 25.74738025665283 26.34816527366638 26.93901133537292 27.56625628471375 28.191002368927 28.75530529022217 29.35365343093872
 0 0.5335249900817871 0.638524055480957 0.6067478656768799 0.5463459491729736 0.6786031723022461 0.5882618427276611 0.6151299476623535 0.5832149982452393 0.6103479862213135 0.5797510147094727 0.6045830249786377 0.5647051334381104 0.6842470169067383 0.5250258445739746 0.5707001686096191 0.6084120273590088 0.5899319648742676 0.5731008052825928 0.5565381050109863 0.6286411285400391 0.5804147720336914 0.4995510578155518 0.6355860233306885 0.5789670944213867 0.5372519493103027 0.5830929279327393 0.586522102355957 0.5839948654174805 0.5853340625762939 0.5470719337463379 0.6137521266937256 0.5760350227355957 0.5922298431396484 0.6007850170135498 0.590846061706543 0.6272449493408203 0.6247460842132568 0.564302921295166 0.5983481407165527


