# Created by Octave 4.2.2, Tue Jun 21 16:19:57 2022 CEST <rb271257@is154093>
# name: results_Runs
# type: matrix
# rows: 3
# columns: 40
 1 2 3 4 5 6 7 8 9 10 11 12 13 14 15 16 17 18 19 20 21 22 23 24 25 26 27 28 29 30 31 32 33 34 35 36 37 38 39 40
 3.466812372207642 4.01959753036499 4.575170516967773 5.113015413284302 5.74338436126709 6.348248481750488 6.908379316329956 7.508302450180054 8.112871408462524 8.741234302520752 9.304935455322266 9.884156465530396 10.47442150115967 11.10436844825745 11.61976051330566 12.23543643951416 12.81315732002258 13.37605834007263 13.95110630989075 14.52441239356995 15.19755339622498 15.7829053401947 16.3038125038147 16.99096632003784 17.56439137458801 18.14278435707092 18.72920846939087 19.30495142936707 19.87659740447998 20.48634839057922 21.15433239936829 21.7221794128418 22.30369353294373 22.84684443473816 23.41245436668396 23.9499454498291 24.65429139137268 25.24469447135925 25.86213636398315 26.40636253356934
 0 0.5527851581573486 0.5555729866027832 0.5378448963165283 0.6303689479827881 0.6048641204833984 0.5601308345794678 0.5999231338500977 0.6045689582824707 0.6283628940582275 0.5637011528015137 0.5792210102081299 0.5902650356292725 0.6299469470977783 0.5153920650482178 0.6156759262084961 0.5777208805084229 0.5629010200500488 0.5750479698181152 0.5733060836791992 0.6731410026550293 0.5853519439697266 0.5209071636199951 0.6871538162231445 0.5734250545501709 0.5783929824829102 0.5864241123199463 0.5757429599761963 0.571645975112915 0.6097509860992432 0.6679840087890625 0.5678470134735107 0.5815141201019287 0.5431509017944336 0.5656099319458008 0.5374910831451416 0.7043459415435791 0.5904030799865723 0.6174418926239014 0.5442261695861816


