# Created by Octave 4.2.2, Tue Jun 21 16:15:27 2022 CEST <rb271257@is154093>
# name: results_Runs
# type: matrix
# rows: 3
# columns: 39
 1 2 3 4 5 6 7 8 9 10 11 12 13 14 15 16 17 18 19 20 21 22 23 24 25 26 27 28 29 30 31 32 33 34 35 36 37 38 39
 3.400160789489746 3.9979567527771 4.490993738174438 5.10637092590332 5.659038782119751 6.396759748458862 6.944324731826782 7.567200899124146 8.149917840957642 8.705509901046753 9.258383750915527 9.899148941040039 10.47191882133484 11.03065085411072 11.65390276908875 12.23503375053406 12.8106427192688 13.38883185386658 14.00809073448181 14.57082390785217 15.20704078674316 15.81872582435608 16.42219972610474 16.97238373756409 17.58522987365723 18.15676474571228 18.77458572387695 19.40286588668823 20.0358898639679 20.66881680488586 21.25734877586365 21.82602190971375 22.36822581291199 22.95176482200623 23.63189888000488 24.27866077423096 24.85364079475403 25.51970171928406 26.11016988754272
 0 0.5977959632873535 0.4930369853973389 0.6153771877288818 0.5526678562164307 0.7377209663391113 0.5475649833679199 0.6228761672973633 0.5827169418334961 0.5555920600891113 0.5528738498687744 0.6407651901245117 0.5727698802947998 0.5587320327758789 0.6232519149780273 0.5811309814453125 0.5756089687347412 0.5781891345977783 0.6192588806152344 0.5627331733703613 0.6362168788909912 0.611685037612915 0.6034739017486572 0.5501840114593506 0.6128461360931396 0.5715348720550537 0.6178209781646729 0.6282801628112793 0.6330239772796631 0.6329269409179688 0.5885319709777832 0.5686731338500977 0.5422039031982422 0.5835390090942383 0.6801340579986572 0.6467618942260742 0.5749800205230713 0.6660609245300293 0.590468168258667


