# Created by Octave 4.2.2, Thu Jun 16 10:14:50 2022 CEST <rb271257@is154093>
# name: results_Runs
# type: matrix
# rows: 3
# columns: 38
 1 2 3 4 5 6 7 8 9 10 11 12 13 14 15 16 17 18 19 20 21 22 23 24 25 26 27 28 29 30 31 32 33 34 35 36 37 38
 6.424172639846802 7.021059513092041 7.604331493377686 8.214440584182739 8.789749622344971 9.370307683944702 9.96486759185791 10.52252054214478 11.10488557815552 11.69797253608704 12.29460954666138 12.87494659423828 13.45817565917969 14.0590455532074 14.6672375202179 15.27166867256165 15.8601176738739 16.44018459320068 17.04095268249512 17.60512566566467 18.26886057853699 18.92054152488708 19.57964754104614 20.19298148155212 20.83658957481384 21.44616365432739 22.09398460388184 22.70306658744812 23.34676647186279 23.96536159515381 24.60450553894043 25.24346351623535 25.91987061500549 26.56127452850342 27.19672250747681 27.81941366195679 28.50101447105408 29.13156652450562
 0 0.5968868732452393 0.5832719802856445 0.6101090908050537 0.5753090381622314 0.5805580615997314 0.594559907913208 0.5576529502868652 0.5823650360107422 0.5930869579315186 0.5966370105743408 0.5803370475769043 0.5832290649414062 0.60086989402771 0.608191967010498 0.60443115234375 0.5884490013122559 0.5800669193267822 0.6007680892944336 0.5641729831695557 0.6637349128723145 0.6516809463500977 0.6591060161590576 0.6133339405059814 0.6436080932617188 0.6095740795135498 0.6478209495544434 0.6090819835662842 0.6436998844146729 0.6185951232910156 0.6391439437866211 0.6389579772949219 0.6764070987701416 0.6414039134979248 0.6354479789733887 0.6226911544799805 0.68160080909729 0.6305520534515381


