# Created by Octave 4.2.2, Tue Jun 21 17:55:01 2022 CEST <rb271257@is154093>
# name: results_Runs
# type: matrix
# rows: 3
# columns: 39
 1 2 3 4 5 6 7 8 9 10 11 12 13 14 15 16 17 18 19 20 21 22 23 24 25 26 27 28 29 30 31 32 33 34 35 36 37 38 39
 3.309530973434448 3.960966825485229 4.568816900253296 5.225626945495605 5.784087896347046 6.41560697555542 6.999527931213379 7.602331876754761 8.141215801239014 8.731977939605713 9.279590845108032 9.922945976257324 10.47888898849487 11.0402238368988 11.66056680679321 12.21022796630859 12.79724383354187 13.41511297225952 13.99159097671509 14.6294629573822 15.27956390380859 15.93664383888245 16.50499081611633 17.10379099845886 17.67131781578064 18.31825089454651 18.88131999969482 19.52130484580994 20.17710494995117 20.81818580627441 21.39413785934448 22.05080485343933 22.68733596801758 23.33187985420227 23.94880390167236 24.52606296539307 25.12071490287781 25.87380480766296 26.45752096176147
 0 0.6514358520507812 0.6078500747680664 0.6568100452423096 0.5584609508514404 0.631519079208374 0.583920955657959 0.6028039455413818 0.5388839244842529 0.5907621383666992 0.5476129055023193 0.643355131149292 0.5559430122375488 0.5613348484039307 0.6203429698944092 0.5496611595153809 0.5870158672332764 0.6178691387176514 0.5764780044555664 0.6378719806671143 0.6501009464263916 0.6570799350738525 0.5683469772338867 0.5988001823425293 0.5675268173217773 0.6469330787658691 0.5630691051483154 0.6399848461151123 0.6558001041412354 0.6410808563232422 0.5759520530700684 0.6566669940948486 0.6365311145782471 0.6445438861846924 0.6169240474700928 0.5772590637207031 0.5946519374847412 0.7530899047851562 0.5837161540985107


