# Created by Octave 4.2.2, Tue Jun 21 17:54:32 2022 CEST <rb271257@is154093>
# name: results_Runs
# type: matrix
# rows: 3
# columns: 40
 1 2 3 4 5 6 7 8 9 10 11 12 13 14 15 16 17 18 19 20 21 22 23 24 25 26 27 28 29 30 31 32 33 34 35 36 37 38 39 40
 3.556295394897461 4.015809297561646 4.565247297286987 5.181122303009033 5.716879367828369 6.332881450653076 6.935357332229614 7.561033487319946 8.200674295425415 8.793731451034546 9.341229438781738 9.854947328567505 10.45399641990662 11.08426427841187 11.66094636917114 12.21989631652832 12.80455827713013 13.39198446273804 13.9768693447113 14.5798864364624 15.24245548248291 15.81216049194336 16.38644528388977 17.08292841911316 17.63224530220032 18.26961231231689 18.85675740242004 19.45074248313904 19.91432237625122 20.47680425643921 21.11821341514587 21.69821643829346 22.20306038856506 22.77453637123108 23.34888648986816 23.92568325996399 24.56621837615967 25.13109445571899 25.81524038314819 26.41082835197449
 0 0.4595139026641846 0.5494379997253418 0.6158750057220459 0.5357570648193359 0.616002082824707 0.6024758815765381 0.625676155090332 0.6396408081054688 0.5930571556091309 0.5474979877471924 0.5137178897857666 0.5990490913391113 0.630267858505249 0.5766820907592773 0.5589499473571777 0.5846619606018066 0.5874261856079102 0.5848848819732666 0.6030170917510986 0.6625690460205078 0.5697050094604492 0.5742847919464111 0.6964831352233887 0.5493168830871582 0.6373670101165771 0.5871450901031494 0.5939850807189941 0.4635798931121826 0.5624818801879883 0.641409158706665 0.580003023147583 0.5048439502716064 0.5714759826660156 0.574350118637085 0.5767967700958252 0.6405351161956787 0.5648760795593262 0.6841459274291992 0.5955879688262939


