# Created by Octave 4.2.2, Tue Jun 21 17:58:10 2022 CEST <rb271257@is154093>
# name: results_Runs
# type: matrix
# rows: 3
# columns: 39
 1 2 3 4 5 6 7 8 9 10 11 12 13 14 15 16 17 18 19 20 21 22 23 24 25 26 27 28 29 30 31 32 33 34 35 36 37 38 39
 3.471488475799561 4.072785615921021 4.59544563293457 5.215262413024902 5.824391603469849 6.431793451309204 6.977154493331909 7.537160634994507 8.141110420227051 8.79017162322998 9.33290958404541 9.938709497451782 10.54012656211853 11.1629204750061 11.70519661903381 12.2795135974884 12.83761143684387 13.4363214969635 14.01973843574524 14.63142156600952 15.33956456184387 15.92195343971252 16.52045750617981 17.13813042640686 17.79822754859924 18.35676455497742 18.93523144721985 19.58789253234863 20.20577955245972 20.81795740127563 21.39179444313049 22.01348042488098 22.54639744758606 23.17994356155396 23.74215745925903 24.35107660293579 24.9939124584198 25.62995147705078 26.25012445449829
 0 0.60129714012146 0.5226600170135498 0.619816780090332 0.6091291904449463 0.6074018478393555 0.5453610420227051 0.5600061416625977 0.6039497852325439 0.6490612030029297 0.5427379608154297 0.6057999134063721 0.601417064666748 0.6227939128875732 0.54227614402771 0.5743169784545898 0.5580978393554688 0.5987100601196289 0.5834169387817383 0.6116831302642822 0.7081429958343506 0.5823888778686523 0.5985040664672852 0.6176729202270508 0.6600971221923828 0.5585370063781738 0.5784668922424316 0.6526610851287842 0.617887020111084 0.612177848815918 0.5738370418548584 0.6216859817504883 0.5329170227050781 0.6335461139678955 0.5622138977050781 0.6089191436767578 0.6428358554840088 0.6360390186309814 0.6201729774475098


