# Created by Octave 4.2.2, Tue Jun 21 15:36:11 2022 CEST <rb271257@is154093>
# name: results_Runs
# type: matrix
# rows: 3
# columns: 40
 1 2 3 4 5 6 7 8 9 10 11 12 13 14 15 16 17 18 19 20 21 22 23 24 25 26 27 28 29 30 31 32 33 34 35 36 37 38 39 40
 3.483280897140503 4.039619922637939 4.609254837036133 5.179720878601074 5.751627922058105 6.28594183921814 6.848044872283936 7.423687934875488 8.017377853393555 8.613693952560425 9.206182956695557 9.787967920303345 10.43212795257568 11.01390981674194 11.53345394134521 12.14654588699341 12.76729488372803 13.42146396636963 13.96644687652588 14.62659978866577 15.26229596138 15.77508783340454 16.36762595176697 16.94763088226318 17.5583438873291 18.17853593826294 18.77897596359253 19.31836080551147 19.92753791809082 20.46293687820435 21.00475978851318 21.60385084152222 22.16787791252136 22.80360293388367 23.38959884643555 24.00903177261353 24.6011209487915 25.1981029510498 25.77332186698914 26.34767484664917
 0 0.5563390254974365 0.5696349143981934 0.5704660415649414 0.5719070434570312 0.5343139171600342 0.5621030330657959 0.5756430625915527 0.5936899185180664 0.5963160991668701 0.5924890041351318 0.5817849636077881 0.6441600322723389 0.5817818641662598 0.5195441246032715 0.6130919456481934 0.6207489967346191 0.6541690826416016 0.54498291015625 0.6601529121398926 0.6356961727142334 0.5127918720245361 0.5925381183624268 0.5800049304962158 0.610713005065918 0.6201920509338379 0.6004400253295898 0.5393848419189453 0.6091771125793457 0.5353989601135254 0.5418229103088379 0.5990910530090332 0.5640270709991455 0.6357250213623047 0.5859959125518799 0.6194329261779785 0.5920891761779785 0.5969820022583008 0.5752189159393311 0.5743529796600342


