# Created by Octave 4.2.2, Thu Jun 16 16:18:27 2022 CEST <rb271257@is154093>
# name: results_Runs
# type: matrix
# rows: 3
# columns: 39
 1 2 3 4 5 6 7 8 9 10 11 12 13 14 15 16 17 18 19 20 21 22 23 24 25 26 27 28 29 30 31 32 33 34 35 36 37 38 39
 5.952311038970947 6.472511053085327 7.049695014953613 7.616218090057373 8.182898998260498 8.781668901443481 9.422662973403931 9.970258951187134 10.53639888763428 11.12663197517395 11.70935702323914 12.30867409706116 12.88692092895508 13.42951989173889 14.05595088005066 14.66227698326111 15.26862907409668 15.81751608848572 16.42954707145691 17.07179188728333 17.64534306526184 18.30487608909607 18.93037700653076 19.55764603614807 20.18679809570312 20.83983302116394 21.51767587661743 22.15121102333069 22.75982189178467 23.38046193122864 24.02799201011658 24.690181016922 25.34076595306396 25.95630598068237 26.55884695053101 27.25232100486755 27.88930606842041 28.52199196815491 29.14192390441895
 0 0.5202000141143799 0.5771839618682861 0.5665230751037598 0.566680908203125 0.5987699031829834 0.6409940719604492 0.5475959777832031 0.5661399364471436 0.5902330875396729 0.5827250480651855 0.5993170738220215 0.5782468318939209 0.5425989627838135 0.6264309883117676 0.6063261032104492 0.6063520908355713 0.5488870143890381 0.6120309829711914 0.642244815826416 0.5735511779785156 0.6595330238342285 0.6255009174346924 0.6272690296173096 0.6291520595550537 0.6530349254608154 0.6778428554534912 0.6335351467132568 0.6086108684539795 0.6206400394439697 0.6475300788879395 0.6621890068054199 0.6505849361419678 0.6155400276184082 0.6025409698486328 0.6934740543365479 0.6369850635528564 0.6326858997344971 0.6199319362640381


